"[82.89502613 24.89820096 93.86491651 21.94426874 48.13354762 38.73051299
 72.22495874  7.34065087 11.23719973 28.81203834 35.42962508 85.63585641
 39.17190322 12.69533698 61.12776257 49.41152468 33.33177615 54.39179858
 64.50651028 41.1791224  32.48874958  7.05246927 87.35561759 54.37342447
 46.85264787 89.4316809  40.77253977 15.55023431 85.14410925 43.56631919
 47.90683654 11.1861702  98.3769843  71.84906436 74.16241241 42.42369629
 51.1395907  70.48861025 80.85952598  0.7816742  10.2293755  84.91206006
 25.8886807  41.46536517 21.09807785 30.20755768 26.36013956 98.4617671
 38.21446152 16.38251285 90.25634652 68.44383983 20.2173384  63.18471196
 45.31873616 97.20684579 48.19558581 20.20896288 32.11111533  4.14185259
 93.12603737 37.25020107 87.97791404 98.02451997 14.38709794 55.44317166
 62.56573659 20.08336051 73.57635969 70.42309243 73.93424597 95.83389396
 66.23920656 93.19058441 60.62619783 21.01779035 82.52687828 65.00533274
  9.4070567  88.19754    52.01699526  6.29345754 24.30470444 53.14089829
 15.82423326 25.18443388 60.67016067 41.51094813 19.3164063  70.05963288
 64.79818151  4.14137178 18.21421939 64.8686964   5.75431656 27.48198223
 52.05268254 79.03866838 12.84597023 15.2368802  46.84978137 66.54747855
 28.52378155 49.67318498 98.56149248 62.34507064 23.31621857 38.2011247
 60.78573856  7.70457092 87.29595136 20.43767973 52.58397346 26.56875697
 50.02794543 64.62085984 31.86950479 42.20041116 54.40298568 22.78533699
 82.16221097 27.1050456  88.41184793 56.04301277 83.76548178 31.68174008
 25.82533991 88.59852204 75.91066112  6.33074189 37.18340038 56.1379501
 94.9446682  31.33266963 12.92872998 36.14244032 28.38658431 53.70701487
 51.18396236 78.48958266 39.85658146 97.81782439 94.85498122 91.51395074
 51.77339293 44.34665472 66.91837748 82.34533334 89.44906754  5.52700826
 99.93877793 10.50170065 40.06542106  2.91670346 93.07510013 45.92454622
 59.11141668 70.75536607 37.34908369 68.36045134 95.21962845 19.99171286
 66.6874443  86.05001208 95.79891508  7.67306359 26.11966789 46.71675107
 90.77712366 30.84647781 68.11408986 39.84320466  7.85039535 74.60080074
 22.5976414  33.81444942 82.71034599 61.14142793 73.52021017 99.19263794
 17.79353336  7.05486976 53.55461971 10.34513878 61.71494806 48.77059435
 37.92475437 68.9091188   5.51022167 95.9191562  90.69807973 19.29846203
 12.17253273 51.16590386 19.04701202 14.47035368 69.79200117 84.91639728
 15.65276687 81.46260088 14.83771314 62.92135963 32.30661193 38.17450705
 64.83478664 45.34762517 33.83641821 27.07311028 57.25651951 45.93599141
 35.25486465 88.25839656 80.33698597 40.53901394 19.61741059 55.79561306
 78.50377804 45.02672303 76.54178553 14.74370303  9.41718383 57.25022088
 39.74230988 77.52475804 35.77731032 98.48163166 31.12634362 66.25427565
 91.63197108 37.65076709 36.5688609  80.55962687  0.26284906 44.30701574
 68.2280516  45.55501518 33.32639473 97.2859292  49.38120621 34.83431981
 48.34839501 18.84027292 71.39045015 92.15969257 64.73949974 24.22003205
 83.2524811   3.09778946 36.39355247 22.43170467 23.90564688 37.21113976
  6.85610886 98.74084488 10.89341837 34.17850983 42.75837093 18.56789774
 29.1508335  24.06270708 10.91217469 95.74130523 91.20643685 48.52776777
 25.37202652]","[96.17470107 50.05365574 66.18002226 83.70284974 92.76002988 13.845138
 22.1669089  47.1052502  41.96470316 11.29839583  0.77696739 77.17520493
  3.23013615 17.30873033 92.9455607  69.6732816  42.8047547  91.26905135
 20.18891113 91.11223829 30.60989095 34.61830612  8.88840686 80.39893108
 16.29711471 66.18747271 51.90080479 15.63465134 91.48969597 22.00680111
  8.42485443 78.74358974  4.11717503 65.18964926 15.97955678 36.75690348
 35.22873356  9.1066576  95.18520521 44.15063207 51.25872664 81.59381344
 41.8486903  87.5055404  19.85962225 63.67664454 94.81623512 63.49068104
 62.93629684 66.15837025 39.17390859 71.92783115 13.68559843 33.09162007
 68.1685427  12.68126625 18.99556641 98.82368947 89.24408155 90.52079191
 90.06689255 83.81846995 72.09032654 60.14579898 43.16736148 78.7574503
 37.17916639 55.75836701 18.89358897 61.5528257  89.11099667 95.90896686
 23.93792869 12.97121842 49.28014272 23.81318199 10.75139229 63.47378601
 46.65445977 56.62548251 27.38650751 83.09005096 35.84823773 68.27020699
 33.16722549 79.8355662  77.68514486 16.5459171  12.34190985 58.4015269
 62.28405374 75.68524412 26.1788601  41.56643414 25.13876412 97.64104822
 14.38754177 16.17887812 89.90404107 16.54065724 81.70423687 10.81287851
 81.22030391 13.63215911 15.26906652 41.73348617 70.95070078 38.98347461
 87.28382675  7.16176087 93.19660561 34.47100868 58.60813422  7.5242929
 22.26524015 47.30339327 72.35631028 98.33625033 31.50085919 39.62946425
 50.64353478 35.81304684 91.55772795 70.50906094 21.04432774 34.8546233
  4.11054116 91.07493757 10.78754091 72.2593896  61.37283041 80.69710005
 10.84214475 70.41577389 54.99510753 91.13889409 41.1866695   5.99849704
 31.72734442 35.54643953 25.80242525 52.00398908 82.74011771 56.08044561
 20.70618301 70.48873329  6.79969109 16.95587544 14.61778561 35.30858973
 85.68063331 97.19196109 74.70240128 12.9502931  61.05040514  0.46157602
 65.19689251 11.13808757 91.92845118 63.70420757 77.17842695 77.32373351
 11.15326441 90.09101237 21.83075368 82.04919588 22.3990936   2.18444617
 58.13331657 71.59366045 15.09220869 91.89354514 54.68371614 93.11869296
 21.389124    3.28364727 61.84229679 75.66501131 68.60887376 73.96298361
 55.14633226 65.15952816 65.56751885 86.16888342 57.66029254 16.83374272
 39.74816444 52.59182604 44.00484271 67.0532033  30.37709449 98.21076988
 84.6859944  93.09118789 73.03148982 36.11851595 40.99587064 14.93014243
 74.01639565  0.47052784 64.78509512 59.96999348 19.58757356 94.29753608
 54.31078763 76.11517198 29.55336466 57.06879266 73.322505    5.58249055
 23.67255244 78.34760167  5.480286   77.37760632 22.65392533 12.99330481
 35.39765232 93.32157183 22.62988755 61.02830186 62.11403828 80.47692077
 61.82207831 79.62829959 13.07016618 97.27923299 82.86320956 59.33169457
 45.80183239 17.37864671 19.16696762 88.11019978 23.55190902 96.9235132
 69.50865231 53.32333844 14.20005912 63.0452173  15.32841716 87.06593309
  1.56021049 76.29272324 84.53544395 93.37054783  6.50331391 95.15522494
 80.653869   78.70188217 54.598056    5.37003554 22.80653455 57.37591729
 89.02094409 73.22050706 67.89818624 44.45354216 62.79946083 53.12123178
 19.15164837 13.05023658  8.17910219 69.06048599 40.68201162  6.57361138
 20.35775591]","[9.48670276e+01 7.83894373e+01 3.85393072e+01 9.77685685e+01
 1.83330490e+01 5.08323205e+01 2.85154267e+01 4.13941416e+01
 7.70306496e+01 6.55798128e+01 5.78907812e+01 5.51231944e+01
 1.73439499e+01 8.49675667e+01 5.25321355e+01 4.09800234e+01
 9.79265165e+01 7.92845119e+01 8.06897381e+01 1.55061933e+00
 1.91834250e+01 9.01567827e+01 4.07582045e+01 4.68260042e+01
 8.95589551e+01 3.30001240e+01 4.43880979e+01 2.28821882e+01
 7.27406690e+01 2.50069605e+01 1.72627194e+01 8.12793140e+01
 1.41707767e+01 7.24271492e+01 6.11994008e+00 9.26697099e+01
 9.08278290e+01 5.61578611e+01 8.37915160e+01 8.98002783e+01
 2.65775857e+01 6.21536088e+01 8.50993698e+01 4.14923134e+01
 3.39551093e+01 6.03823174e+01 2.18376876e+01 6.49525317e+01
 7.85436613e+01 2.74727980e+00 8.85879831e+01 1.34186068e+00
 8.53036887e+01 2.42887145e+01 2.96647233e+01 2.33968583e-01
 8.33246928e+00 5.68151766e+01 3.43217836e+01 1.62977818e+01
 5.23173597e+01 8.75594740e+00 7.47102404e+01 9.75264375e+01
 4.32122182e+01 5.04472165e+01 5.70069361e+01 9.31522417e+01
 7.03868780e+01 6.21614169e+01 4.28829557e+01 4.12519856e+01
 8.28075855e+01 3.37368989e+01 1.57006873e+01 6.31207828e+01
 8.00447215e+01 1.23049502e+01 3.75026582e+01 3.87516056e+01
 7.81074982e+01 9.71702492e+00 4.51331529e+00 8.34583303e+00
 3.43741473e+01 5.01467508e+01 9.10285566e+01 5.26202619e+01
 4.57022080e+01 1.77094643e+01 4.31635683e+01 4.98517301e+01
 3.10166706e+01 4.73262505e+01 3.33127001e+01 1.77711564e+01
 8.66333874e+01 4.63341207e+00 6.23037430e+01 3.11238832e+01
 4.88300249e+01 6.93943482e+01 7.37280149e+01 9.44815526e+01
 8.88459613e+01 2.63924671e+01 2.39460529e+01 7.66968614e+01
 1.72699716e+01 3.98339352e+01 4.91320587e+00 2.09109651e+01
 7.22367762e+00 5.28564495e+01 1.03669742e+01 2.83912516e+01
 3.28113941e+01 3.03002812e+01 4.65413537e+01 4.32906065e+01
 6.20687966e+01 5.37091080e+01 6.05998741e+01 9.57204939e+01
 8.31200575e+01 3.23712450e+01 2.01710184e+01 7.88242178e+01
 8.72218261e+01 5.70172738e+01 2.26285671e+01 8.06772178e+01
 9.55955581e+01 3.16247322e+01 4.74759346e+01 6.74999646e+01
 6.74317354e+01 4.19230229e+01 9.09966411e+01 8.67002268e+01
 1.04180554e+01 8.45620480e+01 6.90589826e+01 4.90385727e+01
 5.85768701e+01 4.38392164e+01 3.01216540e+01 5.86374017e+01
 6.11768537e+01 3.04367246e+01 9.70803091e+01 2.17249444e+01
 9.84677649e+01 8.82868921e+00 7.64125862e+01 8.70511634e+01
 9.97857753e+01 7.74238538e+01 1.71337914e+01 3.85836660e+00
 5.16562856e+00 9.27742491e+01 4.29391607e+01 2.42971791e+01
 9.65838514e+01 7.42139135e+01 8.18464227e+01 7.96257624e+00
 1.17276904e-03 8.96234322e+01 8.65995959e+01 7.57452199e+00
 7.35867349e+01 9.07448720e+01 3.91902407e+01 1.67966701e+01
 4.47458262e+01 7.36129194e+01 1.74701952e+01 3.65631444e+01
 5.06027809e+01 7.55616013e+01 1.09732540e+01 1.14631183e+01
 8.67380881e+01 9.67099114e+01 4.53509655e+01 8.80909207e+01
 7.14829975e+00 7.24619754e+01 2.85162115e+01 8.68276174e+01
 9.52635054e+01 8.10946282e+01 3.90290041e+01 7.92904973e+01
 4.15286738e+01 3.73965361e+00 7.97259790e+01 6.23725751e+00
 6.84376460e+01 6.37610310e+01 8.88207988e+00 6.35880967e+01
 9.19269608e+01 2.21823996e+01 6.98995619e+01 4.39672728e+01
 5.31081132e+01 9.39442256e+01 3.85927184e+01 5.52951734e+01
 8.98914536e+01 3.14338871e+01 2.54035474e+01 5.22649413e+01
 8.02028745e+01 6.02878159e+01 3.02043522e+01 3.80295032e+01
 5.36785454e+00 3.67550182e+01 2.21486193e+01 9.83067654e+01
 9.52159479e+01 2.43408265e+01 8.95521103e+01 9.18204318e+01
 9.03364983e+01 2.57774413e+01 2.53518799e+00 9.72231100e+01
 3.79930873e+01 7.82014571e+01 7.51647899e+01 7.98052925e+01
 6.86360033e+01 5.25926453e+01 6.64670233e+01 9.48183751e+01
 8.13190602e+01 7.84580774e+01 8.35834200e+01 2.85905590e+01
 5.92232058e+01 8.73094605e+01 6.55420027e+01 5.16477236e+01
 7.32222421e+01 9.39413155e+01 7.52793031e+01 3.34723386e+01
 5.20592882e+01 8.99073508e+01 6.74115676e+01 8.21930375e+01
 5.31279301e+01 8.68688167e+00 6.94607272e+01 6.32294879e+01
 3.97340596e+01 3.74581854e+01 2.95578951e+01 8.48138214e+01
 7.11945540e+01]","[31.31259335 90.99790504  8.04588752  3.43051657 91.48188117 84.13847296
 42.95884292 88.22339299  4.98589493 51.81694426 49.03060442 58.25096657
 15.93847807 99.04203652 88.00273359 73.62185626 82.45068842 91.30036699
 98.85930453 77.31850692 66.89352719 71.19034932 56.23763231 54.20892274
  4.41598428 57.86670433 65.30685147 51.37897278 56.42847919 17.71309285
 51.25268452 16.98676734 70.93647383  1.21346056 39.61012151 40.02986909
 61.20568952 91.54800985 10.3185999  44.68219345  1.58652442  0.71945893
 24.16608869 42.1941573  96.49054082 10.59234143  8.36266165 24.14188566
 19.56943823  2.20088224 89.69278648 65.03991825 17.67098102 51.76228898
 67.22057009 23.21803586 18.07459284 68.3244179  68.18899048 79.82501694
 99.15969787 24.60588316  4.25709161 11.33282025 26.01164335 65.27344021
 45.10586888 36.51277954 50.43375125 33.00902133 42.84788528  6.59447945
  5.48939289 85.75347052 13.88959595 31.54186972 14.12188944 19.1079904
 18.10961025 24.72321016 92.4040026  12.82505947 79.20720693 58.68414092
 25.36036674  4.79212    20.06135983 14.12940445 41.6523551  43.25582228
 79.33458864 35.60969942 42.00203752 57.89165082 80.22145548  1.80618875
 10.43203966 43.39922787 66.30357057 60.42088685  9.02660483 76.96234421
 72.20697907 91.56793567 90.45855776  0.17246717 22.12060742 96.80923674
 35.70906042 70.79979913 38.88337491  7.73926748 94.52379843 67.17099692
 82.00660852 49.8664543  34.13153133 58.79624781 62.08462341 26.81057298
 90.31040926 38.53461781 49.22046419 78.65806236 65.93441905 65.35905916
 78.43405364 76.63651158 23.31612208 31.83728859 65.58924057 96.30776064
 71.62536977 83.68293271  9.54231765 39.98921957 28.15771557 53.16211078
 28.26752033 95.95885179 86.72208304 88.24277094  1.79192708  7.95336189
 66.08333315 80.87093024 57.84853438 53.36400418 57.6124797  51.48468629
 45.17215115 18.27136486 83.43264376 61.31919744 80.02688431 68.11558079
 94.98486496 29.443866   70.49567292 60.44229595 42.58306297 98.02829983
 69.10113794 81.00045386 46.67948716 56.84386656 71.48494476 71.56114955
 87.7661075  49.81730586 34.68745702 35.37673451 81.00318252 88.66837714
 53.17226132 17.78243804 34.13237861 77.23313117 96.63409387 13.27100575
 56.39277731 10.18554364 38.61963158 17.65811456  3.80454125 17.35645632
 47.39954841 26.25180747  3.87202505 72.62620077 68.78036948 98.50874925
  3.36329187  0.9147791  45.94060701 70.10323349 63.80249162 53.7476702
 28.0018789  86.32627101 98.97828061 31.30075204  5.8023603  22.23879482
 57.10267611 39.65328201 32.035059   50.94807817 91.15698452 36.27101346
 52.15372246 47.64440987 45.80434043 65.25385488 46.98214281 33.06036029
 40.40087664 62.40624129 82.08294255 31.7972126  98.57524691 59.21232457
 98.24796616  3.02382166 12.4721201  73.54909247 16.58761239 58.03724777
 28.57573895  1.22374367 50.48974111 93.43246963 37.34840563 52.24959763
 47.37436256 81.03407241 37.67902769 59.42832772 56.98594374 43.93539732
  8.52882023 47.26024215 82.09350395 15.03928301 41.36102236 99.03306571
  2.15023046 65.00243879 94.37700118 65.47358762 56.6334957   3.40262493
 75.7525983  60.64245988 28.23623463 66.69389939 51.25434785 60.64173196
 32.40940013 55.76486005 46.21708184 72.26242341 77.10712214 33.92071744
  3.19982691]","[11.26868892 18.66405588 24.23255819 20.13113528 75.59399718 72.21291037
 30.00220014 57.65947162  2.16216658  8.92230528 86.29689239 25.29957725
 64.5653745  80.23119573 75.26455671 72.09030023 50.38132736 91.88004619
 45.29133885 96.96906535 78.37196866 61.62278918 35.75858036 37.60978896
 98.85865768 87.51580078 46.33536634 40.70656789 82.05176199 90.0092911
 97.34925255 91.73201993 98.59120266  4.81344405 14.34932295 85.61068804
 11.64236057 22.33774757 82.82108296 80.57813325 37.56452575  7.55927306
  8.16302806 30.69262036 70.44782846 58.70041259 99.6520739  87.96213673
 71.26501172 98.16168776 32.89950914 54.46996475 15.06540038 64.58673066
 82.41792792 10.21348145 27.23066686 41.37550109 70.57729141 37.82190516
  5.81467164 65.67356131 48.72927218 19.35389952 23.94158074 31.41915352
 97.63318018 39.97898179 55.42482974 26.16498067 41.14122001 63.45135459
 67.31722219 63.01413164 93.88111005 65.87456107 68.61602854 34.06241896
 48.03599307 81.26465302 56.15438428 74.33506459 85.52323301 60.52225372
 73.43659845 63.15622976 44.92019912 72.64518947 50.68622196  6.7434301
 82.47788514 59.57302501 25.5933956  18.79718106 48.52319612 51.2343105
 73.47131272 88.40167654 14.26802664 80.13205765 73.22294915 77.4915333
 46.67403342 47.24418517 99.49946494 51.61880975 71.21303419 82.02923156
 24.47221304 76.25663216 78.46158115 42.80317041 45.85336451  2.44034954
 49.6521052  99.90899124 24.17479507 98.75223074 89.97571389 43.35701066
 89.87830783 43.03340688 98.20446499 76.8070529  26.45335178 61.68901191
 96.57016434 84.96323423 21.36272518 82.61733668 69.90530049 74.63623374
 49.26036719 40.67334264 82.75399446 89.20102722 89.47439351 54.54919275
 62.04466087 78.44959881 51.21512853 79.74928705 55.37464668 47.89562448
 62.36896324 11.39838262 73.47223912 85.82385378 45.60950677 27.62135125
 91.71537005 55.08650731 28.87059927 20.61030586 24.33067554 88.56117021
 37.69318364 15.51295479  3.31214732 82.07763746 86.59443765 59.1179913
 10.54869516 10.2903769  83.16152931 59.54194385 86.52695127  1.58742222
 42.84791104 13.34078461 99.26645604 91.86440689 49.70782315 32.95354069
 33.82400037 21.10726287 83.69381701  5.23501858 94.39993906 34.19710934
 46.8041418  30.24908745 35.31296533 84.12306503 29.73485912 35.400032
 56.8251027  66.33701461 83.12401466 49.61023855 77.94816349 73.41517668
  1.19213501 31.46101687 63.60307851 72.68804006 56.15863469 96.43848684
 55.2978595  25.82482237 39.08068337 92.6487495  75.99114863 94.74423792
 14.61573059 41.67686154 31.21363436 72.2198413  71.76349443 93.61019709
 16.45755183 48.88710215 46.54968294 41.76423382 63.63977291 24.67382656
 95.16733659 90.04084078 82.50621565 17.28817337 38.68792341 99.62293174
 32.80436497 46.86196297 28.06265039 84.62447243 38.39248977  3.97098766
 79.85040667 33.43664681 48.60941595 76.97751453 58.01583764 14.41226435
 14.12157686 10.81031202  4.78171744 75.46741147 30.13198207 67.58191793
  0.96214494  9.38226212 52.3727797  62.37805238 66.15153182 98.04473268
  4.7802513  76.71764714 63.53046824 46.72238786 41.9127977  35.92986172
 56.871682   92.22896727  7.01486622 95.98688132 13.6827657   6.27879321
 36.16443095 10.70813098 36.782184   86.52292521 74.29039661 50.80032776
 42.42312465]"
