"[82.77387082 57.31875872 23.3574739  67.59006424 44.86923601 83.00284026
 18.44752232 73.75461963 98.78897674 44.17878512 90.49997964 98.09226513
 82.89877768 86.93763425 46.75493523 41.86426301 24.55847973 79.99444828
 51.60779415  7.11388493 93.40619704 97.9388066   6.72130121  5.22514231
 45.48577971 56.13809567 97.22123688 27.06391666 86.11705708 77.44224774
 62.3375434  51.41920108 42.02944023  4.98999914 60.79518644 61.3688035
 68.08235881 20.74422455 13.62906767  1.72431826 68.11083633 87.0590977
 36.1919966  75.96946234 85.07458147 97.87382317 88.92078971 10.13614393
 93.66207865 33.24056337 21.88338754 37.21264541 37.10652231 69.0885885
 56.59259065  6.94099379 93.56240884 59.04381108 46.10250305 45.90555041
 93.48037964 95.77280502  0.99676681 41.61054843 71.55120436 41.56138652
 48.37850102 46.08469246 91.52445413 33.9782042  58.56220183 52.94264526
 63.87514972 25.58769467 35.32519958 57.47910725 59.54486337 88.28008752
 24.3095295  52.55526843 31.96948474 23.47421569 59.24809512  8.8444216
 87.69715693 69.66837485 92.06549169 13.63329825 15.86066954 88.81917183
 16.13498112 11.10030814 92.49561651 34.92461385 44.99029989 79.0078012
 69.74243163  1.00327506 51.81052905 81.2406696  17.79067458 36.10444447
 29.0318738  57.71741201 50.97884995 35.53010773  2.94654823 53.38008602
 97.42802989 81.15731253 73.68646779 99.10783034 91.43369509 36.76159665
 27.81999265 43.71857948 18.08675704 19.58699812 50.02899817 86.55323071
 66.63250015  7.23151238 32.60738742 34.18834329 41.86492709 50.0913776
 96.29984591 95.30995803 46.65330608  1.26125008 86.59988599 48.24246649
  5.18276315 74.51174386  9.37992528 19.71435768 71.69625319 70.62038324
 12.08858119 70.45125152 75.06541932 54.08185947 55.86755017 22.9355117
 75.88986381 38.47791569 57.6208498  64.16354957 87.93969154 30.27740327
 12.77772227 85.41059957 29.62057275 94.00553975 81.26347092 72.88132061
 70.80083152 79.24503251 98.13707084 54.78136648 51.04472561 62.54995347
 25.54915269 81.90261161 97.24850414  3.13871961 64.19684571 44.07419606
 11.74294962  4.19945698 49.79219415 49.25726136 98.23844074 38.3504172
 91.21411517 15.16053836 49.18327104 18.11638467 21.31112093 51.68345149
 20.82353802 28.28965003 85.10031129 39.46543437 18.69438339  1.89837238
  5.64486449 94.91339235 86.44913189 88.98762233 37.0587988  14.30205525
  8.75846028 87.4820594  99.97060732 13.21279446 56.42449131 55.15714439
 95.55767151 19.14754824 90.18023021 58.08340042 41.59724035 82.42154415
 80.35803481 17.35420305 97.04641898 44.90433259  8.28652735 56.35528608
 79.64551837  0.78777417  0.23601205 34.24260452 23.04015381 29.19521962
 53.53309936 42.9326441  23.30882932 28.17340266 70.38288171  9.2781124
 41.53442159  1.7335061  93.85095095 51.58184141 32.72666269  4.01052896
 75.28864759 25.79037986 70.68542783 77.32850666 15.35834333 92.27138353
  2.29114939 26.30411669 47.31510098 74.08725953 14.1102485   6.19784047
 36.66342049 21.35076707 29.90615796 64.05277825 57.60193259 54.03504738
 78.76614982 14.22158376 42.24345526 64.86349274 74.05434616 91.17010806
  4.53580672 80.21311498 55.84413806  9.14800418 74.06340766 61.07773018
 31.52440803 57.93464841 14.96633608 57.93638375 86.77539039 61.22353597
 35.15331391]","[ 4.73726386 35.58746999 55.63523131 68.5396988  57.47812847  6.55088498
 38.72936965 23.32896344 29.52757443 12.20633352 33.36618413  4.7605232
 45.87680809 53.36417558 56.47733347  8.61561643  6.68406727 18.38140835
 21.3985426  55.18375024 27.93468105  2.12266451  9.01426691 47.19239751
 43.49347384 12.21528519 60.42645154  8.87985636  5.22211578 42.96899142
 37.87622209 13.83711255 32.14456051  3.90271327 34.23723061 19.36290316
 27.44615626 21.44712418 17.12987289 37.62916581 10.15474295 29.24367091
  6.73015533 18.60154144 51.86818312 43.23740599 41.01492276 13.62510674
 12.69314396 49.7573301  24.06513287  1.32180924 22.59385614 16.66248287
 51.4290576   6.35470694 26.52379634 61.94049158 42.89022252 60.38573022
 66.5114895   5.15883868 18.99326993 26.8974289   8.27289268 39.81494202
 26.66887264 23.07666893 51.84905363  3.35860387 48.84526453 19.00765548
 44.09578193 56.32093778 29.34524734 74.48072728 50.66634606 73.11355335
  4.47366535 84.66930065 39.9594461  16.64348138 55.67313669 66.68792023
 80.77877714 39.80459735  2.73653504 41.00696349 24.05733676 64.63936746
 72.20828609  4.57565643 29.11876177 56.64346707 64.60077769 47.31229414
 55.24740599  0.8684434  52.43172828 19.59141121 36.92734878 36.23390551
 60.980859   29.6526917  23.5750226  33.36906678 14.5917856  52.80370915
  0.892124   16.99615899 11.5718104   1.91225912 67.1677141  33.17642527
 21.64459548 76.67210535 20.11354318 47.80870798 54.81710276 17.99960536
 72.83699842 20.03457356 41.63446835 21.95252391  3.68512245  5.64411223
 51.02469986 46.54372427 56.25045857  2.54591168 13.00908934 30.87996004
 78.26882406 53.27870523 60.8602774  40.12200796 27.00769342 70.22342851
 11.21833038 43.57354746 64.21881152 35.03117197 55.35214977 12.47761366
 97.15630063  1.55639684 24.37532472  2.99596544  4.81316194 45.07706656
  3.26334567 26.10746437 92.09394109  8.41003468 13.07246179 31.31793021
 42.2875853  64.56960523 33.23078904  8.15694795  2.40318341 18.22591566
  7.5720416   3.10654766 45.07953988  7.76733578 25.00302319 37.79598465
  3.19298315 23.75300076  9.1827133  46.60035599 75.31246904 73.97444235
 59.82761295  2.90382732  8.47724672 26.39622662 63.78688485 47.26835037
 59.06110909 19.08652877 24.96928869 12.7787165  20.26164401  1.00685892
 71.77036339 30.06889    14.20142743 11.37191198 33.43056275 47.36151037
 24.05968157 12.96451695 15.86472955 36.97281823 31.11792392 23.14199014
  1.4526498  38.09150072 22.54858102  4.24496085 26.5162421  13.64455295
 99.91900368 70.8526289  17.91518091 37.68846542 36.07337228  8.75194975
 26.7747725  14.10572831 78.64339684 26.04071514 25.09476214 34.62853956
 16.85074346 17.61594259 25.11539209 12.73537055 10.00714926 31.81860148
 55.18537845  4.80510263 55.34619729 27.86431275 14.6439506  64.94505312
 34.95877533 19.56230038  4.32089384  4.83616144  4.89159755 45.27844274
  0.18113788 57.19765714 10.75791173 19.65283146 87.86929377 18.03568609
  7.48281531 18.08928632  9.05345265 40.74067364 16.57698172  2.53713377
 41.38197559 31.27108562 25.35509682  0.28003695  3.33863774 34.58315286
 12.24220802 89.42395412  1.44882744 26.37538092 38.41093975 69.30426134
 47.3062078   9.30615452 38.56735283  4.38980814 37.72992704 14.39111692
 48.91242514]","[83.39773187 57.31875872 23.3574739  67.59006424 57.19206427 82.07126773
 18.44752232 73.75461963 98.78897674 45.2362003  90.49997964 98.30112302
 82.89877768 87.18976613 59.72157782 41.86426301 24.55847973 79.99444828
 51.60779415 85.56572199 92.77066649 96.94438634  8.47054953  5.22514231
 67.10314337 66.1689855  97.22123688 27.5863457  89.89827358 77.44224774
 62.3375434  64.90199521 43.18706819 83.95726804 60.90803977 61.3688035
 70.28041024 20.74422455 13.62906767  1.72431826 68.11083633 87.59166562
 35.08011701 75.96946234 84.24838394 95.02150635 88.89703996 10.13614393
 93.62368204 47.36215795 41.24668998 66.6648496  37.10652231 69.0885885
 56.59259065  6.89270667 93.56240884 59.04381108 46.10250305 60.97542016
 93.48037964 95.77280502 81.65316985 70.24707705 71.55120436 41.56138652
 48.37850102 46.08469246 91.52445413 33.9782042  69.24875543 52.94264526
 63.64788327 63.82672534 35.52172504 74.36145555 59.54486337 88.24465083
 24.3680084  52.55526843 31.96948474 36.83751885 59.26990258 64.73550236
 91.92056598 68.75413432 93.38682473 43.86714776 15.86066954 87.79179634
 72.59201211 11.10030814 92.49561651 71.42236675 99.24058853 79.0078012
 69.58946501  1.31052743 81.67984274 81.2406696  17.79067458 36.08174789
 29.0318738  57.71741201 49.82618238 35.53010773 15.23586772 53.37392116
 97.42802989 81.15731253 73.68646779 95.53571233 91.43369509 36.76159665
 27.77588644 79.38499084 18.08675704 19.58699812 54.44214336 83.70578436
 83.14260647  7.23151238 95.04360663 34.18834329 41.87309376 50.0913776
 96.40953733 95.30995803 46.65330608  1.26125008 89.31450959 48.24246649
 92.19974918 74.97503439  9.37992528 37.54344362 71.69625319 70.62038324
 12.08858119 92.97218314 75.06541932 54.08185947 73.2504417  22.9355117
 95.25692857 38.17515481 58.6231944  63.44761457 93.36581967 44.8523977
 41.96718366 85.15415486 29.62057275 94.00553975 81.26347092 72.88132061
 70.80083152 79.24503251 98.13707084 98.79528146 51.04472561 62.54995347
 25.66562116 83.27609088 97.24850414  3.13871961 71.00838689 43.89520336
 12.42372788  4.19945698 49.79219415 49.25726136 98.98868553 96.33895152
 90.59680071 15.35417607 48.78442966 18.11638467 64.04034942 51.66034151
 20.82353802 28.35924746 83.64383255 39.46543437 47.02525598  1.89401656
  5.64486449 94.91339235 86.44913189 88.44224552 37.08705966 14.30205525
  8.75846028 87.4820594  98.54280705 36.93336309 55.47492041 55.15714439
 95.55767151 92.82421351 90.18023021 58.05622885 41.59724035 86.87949881
 78.80691785 17.35420305 97.04641898 45.03000604 33.96848797 56.67138478
 79.64551837  0.78777417 97.48782787 34.24260452 23.04015381 85.21293392
 53.17824773 42.38860858 23.30882932 98.39154808 78.62585209  9.2781124
 83.52000855 98.51706851 91.95767755 51.58184141 93.38166879  4.01052896
 75.28864759 25.79037986 70.68542783 78.04633776 15.35834333 93.69219434
  2.29114939 91.45727305 47.40426564 74.08725953 91.0487895  87.81329628
 36.59048294 21.60669332 29.90615796 64.05277825 58.17718601 56.03862949
 78.76614982 14.22158376 79.69145693 65.44185664 72.25226913 91.17010806
  4.53580672 89.82607532 55.84413806  9.14800418 74.06340766 61.07773018
 80.87981093 85.55941725 14.96633608 58.37081827 86.77539039 60.53233896
 35.15331391]","[82.75674158 38.2645479  23.32958457 71.01283811 70.79784916 95.73422001
 99.35059972 91.75537494 42.0305405  82.21839948 90.41840246 70.49630272
 61.98158003 68.73528192 65.53071885 88.28785079 80.51146993 22.32267557
 51.55216756 85.2831491  97.35753693  8.35436299 49.63403541 88.51553473
 69.00051155 56.31157977 95.24707293 47.3959527  93.25844718 77.12591897
 55.85309027 64.54708499 63.80789078 87.06082439 99.23043993 56.71109767
 38.02658868 48.76186133 19.15059219 82.82961472 74.45037362 84.79133541
 19.52941376 65.13241097 52.9453795  85.09500913 96.46270258 11.31289015
 59.75446959 35.27821521 43.08008468 74.62681317 37.57571043 84.28141671
 15.55067495  7.33748804 65.29683815 87.64357345 73.18837    65.76164614
 97.1436305  68.52651602 33.23725163 78.03501189 13.71215417 41.4138329
 49.25602657 44.38315228 72.63548883 78.51460929 68.91306676 57.51182617
 61.94250255 83.19845893 36.72570543 27.24674336 33.7933037  88.32044406
 10.27777906 88.51997116 31.2728174  24.18157502 58.29972402 42.89067388
  8.87046835 69.37057145 17.69196618 22.44004565 93.45652818 10.06423048
 16.1940301  85.28728091 93.72547014 81.0895377  19.97363914 77.76658302
 91.42131903 86.36985668 82.54029004 81.21815845 58.67742308 84.96962488
 98.93642894 81.83486767 74.35711681 88.38531301 99.4549309  53.36802495
 28.78464255 81.72039038 36.45278543 29.42862309 33.40366917 48.58773698
 34.10568225 89.22893597 17.97367628 19.55052237 24.06567292 75.52033665
 83.21584133 79.59860601 69.21511349 54.97098993 38.69632401 31.24335104
 36.64738378 93.35502973 82.40530017  6.16494295 52.1098389  20.63814531
 93.29895365 32.00018664 72.40014391 82.69568876 88.2047425  84.69166159
 14.131323   52.29918454 76.75380923 52.80339265 56.31058065 31.71080406
 95.16498493 82.71539362 26.28997273 10.44993645 35.3875327  94.54155405
 43.76321625 95.27074854 25.80714145 50.74190002 81.04339188 46.29931321
 73.1748097  77.74434505 45.9968669  49.40892641 28.67254375 61.75426746
 25.09516529 66.85834313 64.92560117 95.00266127 57.6384758  58.36041104
 57.00353772  3.57965865 82.48394589 48.05957543 92.69258201 96.87339408
 81.78474265 15.5519423  20.22739831 95.4362759  21.93812809 79.12319893
 39.33511517 31.87875778 72.67359502 46.83505098 59.54366069  6.70461229
 91.87478081 95.58333688 87.90483611 88.68543948 66.38327886 74.03215318
 63.23993704 73.93150032 68.86621774 11.63623281 55.97907487 97.41351011
 54.01592905 19.53747787 56.72248611 38.37703282 74.2069162  34.44384107
 80.60849041 92.69549092 23.7638692  68.36058939 69.8453487  35.82114381
 82.2685249  90.04825032 66.97133644 33.65059575 23.10592462 92.43157707
 52.11252659 43.4972721  90.39457212 88.44329321 66.21577957 34.33546908
 98.91190848 35.57389258 65.24215043 51.64402455 35.34866416  5.68494819
 82.91335838 23.98957235 69.88572146 11.97963236 19.74629852 70.36595925
 84.94590063 85.74602524 69.46196074 76.00008396 80.27492129 73.24690715
 25.22930256 78.89655344 42.04664872 28.34980257  2.67434792 72.32216169
 48.31721322 52.68271572 30.21001835 99.29158693 78.17268925 21.73398861
 82.54272692 35.28136931 54.20418164 92.09494311 77.04087506 75.98589613
 39.84576446 26.1853768  52.6512541  15.60882976 73.70075479  9.76117044
 70.37076332]","[82.75674158 38.2645479   8.39668474 71.01283811 70.79784916 95.12241723
 99.35059972 91.81326584 41.47979828 82.21839948 90.41840246 70.49630272
 61.98158003 68.73528192 65.53071885 88.28785079 80.51146993 22.32267557
 51.55216756 85.2831491  97.35753693  8.35436299 49.63403541 88.51553473
 68.17479217 56.32639586 95.17856316 47.3959527  29.15303828 77.12591897
 55.85309027 64.54708499 63.80789078 87.06082439 99.23043993 56.71109767
 38.02658868 48.76186133 19.16210373 82.82961472 74.45037362 84.74232461
 19.52941376 64.79281889 52.9453795  84.83304887 96.46270258 11.31289015
 59.75446959 35.27821521 43.08008468 74.62681317 37.61450289 83.93035463
 15.55067495  7.34433353 65.29683815 87.64357345 73.18837    65.76164614
 97.1436305  68.52651602 33.23725163 97.3621214  13.71783002 29.22412023
 49.25602657 44.38315228 72.63548883 78.51460929 68.91306676 57.51182617
 61.94250255 83.19845893 36.72570543 27.24674336 33.7933037  88.32044406
 10.27105585 87.54995465 31.2728174  24.18157502 58.30826988 42.19692123
  8.87046835 69.3705575  15.92718812 22.02963886 93.46504867 10.06423048
 16.1940301  81.40126855 67.16254154 71.28190671 19.97363914 77.76658302
 91.42131903 86.36985668 82.54029004 81.21815845 58.67742308 84.96962488
 98.93642894 81.83486767 74.35711681 88.38531301 99.4549309  53.00680322
 28.78464255 81.72045609 36.45278543 29.42862309 32.56074762 48.58773698
 34.10568225 89.22860348 17.97367628 19.55052237 24.06567292 75.52033665
 83.21177716 77.97318638 67.43116391 54.97098993 20.39342481 31.24335104
 36.64738378 93.35502973 82.40530017  6.1652801  52.1098389  20.63814531
 93.29895365 32.03868756 72.40014391 82.69568876 88.2047425  84.69166159
 14.131323   52.29918454 76.75380923 52.80339265 56.31058065 31.71080406
 95.16498493 82.71539362 26.28997273 10.44993645 35.34329245 94.54155405
 43.76321625 95.27074854 25.80714145 50.74190002 77.81890765 46.29931321
 73.1748097  77.74434505 44.86100278 49.40892641 28.67254375 61.75426746
 25.09516529 66.85751743 64.92560117 95.00266127 57.6384758  58.36041104
 57.00353772  3.57965865 82.48394589 48.01548592 92.69258201 96.79991337
 11.62684832 15.5519423  20.22739831 95.4362759  21.93812809 79.12319893
 39.33511517 31.87875778 72.67359502 46.83505098 59.54366069  6.70461229
 91.87478081 75.69450097 87.90483611 88.68543948 66.38327886 84.65154737
 63.23993704 73.93150032 68.86621774 11.63623281 55.97907487 97.41351011
 54.01592905 19.53747787 56.72248611 38.37703282 74.2069162  34.44384107
 80.60849041 92.28852795 23.7638692  68.36493402 69.8453487  35.82114381
 82.2685249  90.04825032 67.27588214 33.65059575 23.10601905 92.43157707
 52.11252659 43.48903595 90.39457212 88.44329321 66.21577957 34.33546908
 98.41077232 35.57389258 65.24215043 51.64452171 35.34866416  5.68494819
 82.91335838 23.98957235 69.88572146 11.97963236 19.74629852 70.25568725
 84.03007136 85.74602524 69.46196074 43.50516109 80.27492129 73.24690715
 25.22930256 78.89655344 42.04664872 28.34980257  2.67434792 72.32216169
 48.31721322 52.68271572 30.22312752 99.3034321  78.17268925 21.73398861
 84.18377247 35.28136931 54.20418164 91.13819397 77.04087506 75.98589613
 39.84576446 26.04062529 52.67133188 15.60882976 73.6300217   7.43420742
 70.37076332]","[7.60675264e+01 3.55874700e+01 5.58438196e+01 6.85396988e+01
 5.70351695e+01 1.81874501e+01 8.87578373e+01 2.33289634e+01
 2.83396725e+01 1.19649407e+01 2.77957664e+01 5.11116740e+00
 4.58768081e+01 8.60953911e+01 5.64773335e+01 9.45245032e+00
 2.49078677e+01 1.22415434e+01 2.11994781e+01 5.76124339e+00
 9.56200700e+01 2.12266451e+00 8.79255594e+00 7.64604885e+01
 4.54830909e+01 4.81636891e+00 6.04264515e+01 8.87985636e+00
 3.64206615e+00 7.63010988e+01 5.42427374e+01 1.81240779e+01
 3.21445605e+01 4.99308823e+00 3.15303050e+01 2.08362528e+01
 2.74461563e+01 2.14471242e+01 1.37167669e+01 3.59921300e+01
 1.01674628e+01 8.36291646e+01 6.48868056e+00 1.86015414e+01
 8.53334856e+01 4.15017468e+01 4.23991072e+01 7.14678364e+00
 1.26215589e+01 7.64776467e+01 2.40651329e+01 3.58151398e+01
 3.68784245e+01 1.94140072e+01 9.29687001e+01 6.94360765e+00
 9.28015660e+01 7.48103748e+01 4.28902225e+01 6.03857302e+01
 9.38050999e+01 5.15883868e+00 6.72864229e-02 6.54772200e+01
 5.86348084e+00 3.98149420e+01 2.57255199e+01 2.30766689e+01
 5.18490536e+01 3.68695580e+01 4.91672765e+01 1.66667779e+01
 4.31042924e+01 6.37802747e+01 3.50143171e+01 7.39734240e+01
 5.08154685e+01 7.31135533e+01 4.47366535e+00 8.66039631e+01
 3.99594461e+01 3.66732632e+01 5.57667772e+01 6.86485702e+01
 8.05420536e+01 6.89160023e+01 8.54404573e-01 4.50758956e+01
 2.37296580e+01 8.91027071e+01 7.22082861e+01 4.57565643e+00
 2.91187618e+01 5.58313699e+01 9.97184114e+01 4.50654236e+01
 6.84760720e+01 8.33034624e+00 5.24317283e+01 5.47007006e+01
 1.68302933e+01 3.61065147e+01 2.92172267e+01 5.88736292e+01
 2.34987341e+01 3.33690668e+01 1.45917856e+01 5.28037091e+01
 2.73428680e+00 1.81311077e+01 1.26572154e+01 1.91225912e+00
 6.71677141e+01 3.32241969e+01 2.14078527e+01 7.66721054e+01
 2.01135432e+01 1.98939408e+01 5.48171028e+01 1.74413738e+01
 6.65824498e+01 7.17569671e+00 4.09138534e+01 3.40652478e+01
 3.98934239e+01 5.08418896e+01 5.07521742e+01 4.65437243e+01
 5.62504586e+01 3.53859982e+00 3.87781345e+01 3.08799600e+01
 7.82688241e+01 5.32787052e+01 7.75066663e+01 4.00164721e+01
 2.72362426e+01 7.02854927e+01 1.20395574e+01 4.35735475e+01
 7.50699980e+01 3.50311720e+01 5.53431903e+01 2.25989245e+01
 9.68721097e+01 2.72731815e+00 5.92934569e+01 2.99596544e+00
 2.26539111e+00 3.11938048e+01 3.26334567e+00 2.61074644e+01
 9.20939411e+01 8.41003468e+00 1.30724618e+01 4.50520117e+01
 4.21513435e+01 7.92057620e+01 3.32307890e+01 6.62924407e+00
 2.41233903e+00 6.35028111e+01 2.49818483e+01 1.29545802e+00
 9.52043957e+01 9.07989632e+01 7.08927401e+01 4.42069111e+01
 3.05118389e+00 2.37530008e+01 5.64149819e+01 4.92515414e+01
 9.74734348e+01 7.75869967e+01 7.63565331e+01 1.20159224e+01
 9.20403963e+00 1.82325791e+01 2.17452550e+01 4.72683504e+01
 6.29107975e+01 1.90865288e+01 2.45527284e+01 2.07107586e+01
 1.86828143e+01 1.00685892e+00 7.92553809e+01 3.00688900e+01
 7.90476798e+01 6.09630503e+01 3.34305628e+01 4.75456740e+01
 2.34492295e+01 1.29645169e+01 1.58647295e+01 3.62919847e+01
 2.99377157e+01 2.29844807e+01 9.72651830e+00 3.80915007e+01
 3.20356180e+01 5.76454867e+01 2.98599299e+01 1.20707055e+01
 9.99190037e+01 7.08526289e+01 9.23000994e+01 3.76884654e+01
 7.62746489e+00 1.43458686e+01 2.67747725e+01 1.36718391e+01
 8.03194855e+01 3.27727004e+01 2.32446584e+01 3.37816674e+01
 1.68507435e+01 1.76159426e+01 2.33249961e+01 1.31298715e+01
 1.00071493e+01 3.18186015e+01 8.28050169e+01 4.80510263e+00
 5.72361292e+01 2.78643127e+01 1.66540502e+01 6.49450531e+01
 3.35908931e+01 1.96132150e+01 7.20232845e+01 2.59106590e+00
 4.92477615e+00 4.45875181e+01 8.42776971e-02 5.66444878e+01
 1.02325450e+01 1.25584101e+01 8.86466164e+01 9.28891828e+01
 6.90469015e+00 1.80892863e+01 8.46613068e+01 4.08441089e+01
 1.44455813e+01 2.53690744e+00 7.87388754e+01 1.19346237e+01
 2.53550968e+01 2.11677183e-01 6.90474649e+01 9.72280201e+01
 1.00499294e+01 8.95703654e+01 1.34418247e+00 2.63753809e+01
 7.23400894e+01 6.14006742e+01 4.69218260e+01 3.64331108e+00
 3.85673528e+01 5.70814272e+01 3.77299270e+01 1.36162525e+01
 5.01816166e+01]"
