"[17.70146903 61.16467454 26.56447679 97.4978478  84.69231801 33.57572208
 24.6594761  81.46799067 54.00508525 12.75949131 46.89224354 22.53275589
 89.21152237 95.4762641  74.73566306 73.63754817 31.96346725 26.70302455
 53.64710043  2.12640955  7.05187689 62.58621728 89.5740703  30.01056853
 57.45896942 31.7470798  36.6801532  47.2542023  14.5461174  23.37180715
 38.44616354 21.7136373  48.66976887 40.67549122 86.25707981 99.48440069
 26.84667902 36.56820342 51.56535285 52.15663072 48.49887976 74.5573363
 19.47250907 74.81287459 53.17689693 69.26737845  6.42257788 12.71196648
 76.72792319 58.29884219 88.92359238 18.74854615 12.7811905  34.00557143
 63.94349408 19.44196672 53.90815087 78.60907238 64.33968885 61.99257246
 83.32871808 44.71263498 91.56157027 82.4667132  72.07358791 63.4464384
 77.26698089 48.34345022  2.32410921 66.92036766 64.86227602 84.52959159
 68.15317933 45.57060755 90.4802117  11.77707017 24.81157459 37.59469339
 85.15144188 20.73913475 51.49531322  2.72639087 53.39998578 64.23359518
 72.87302859 21.83252574 59.07289104 52.78471375 26.69954711 70.65769008
  2.74234691 23.80621052 14.07342173 61.90433672 43.55812839 10.4914384
 98.12874956 53.23198451 63.41334815 99.06576631 37.23846861 29.08752667
 37.71401794 41.06966862 75.52022148 40.4858053  40.46974252 91.46675207
  5.64962563 10.88667848 33.85482383 55.42018085 59.51304763 87.61278749
 20.92345398 56.76789481 77.199444   66.64323002 98.10232289  2.55979613
  2.54231121 39.09210525  8.26807786 29.84938223 98.74895866  3.78297117
 70.04659179 59.04993619 44.37906415 71.80643608 95.8189428   6.34772571
 19.42690882 31.75706102 60.377737   38.4762799  78.78834257 42.70329598
 68.89813945 95.18159996 65.84115994 92.20519105 75.87509544  0.73220191
  9.64072774 94.79171485  8.91967397 93.87605118 77.53919812 40.52513135
 72.07853185 84.81423996 16.90074364 66.12326644 35.05227064 60.06041968
 89.44463129 72.43998495 53.0812354  17.4802337  23.66942865 75.08293781
  3.64537443 38.66666994 96.64859733 24.9039546  35.25403301 97.48639858
 89.568624   37.8900735  36.45334829 44.43914234 63.09241423 55.80174063
 64.52415852 52.18332009 73.5437892  42.02277333 19.25532997 39.89231352
 80.87113263 48.17520747 99.61535054  5.6419455  72.18047849 20.34352922
 38.21837589 18.62308389 32.3034786  98.78599683 22.94614068 77.5102969
 19.69812519 46.22329656 87.93655591 22.12150766 18.94212336 31.54171909
 69.07417072 79.39990538 96.35813742 30.47336421 45.33910992 49.9242135
 66.11039701 34.73501123 37.94550601 19.78209564 56.30708921 57.97129083
 16.27928677  1.93890099 21.56514257 57.71655648 67.47572455 54.32852886
 15.65137602 63.52052384 65.71849973 51.18144846 50.41013969 55.31650511
 49.63566961 80.98129761 11.46697176  3.71063535 70.038249   33.54674795
 67.66419401 11.81718679 78.54247448 27.22166237 39.43983291 12.06673123
 31.03093361 70.63152208 59.08957698 11.42347344 82.51005614 25.01503675
 94.8948947  47.15897152  7.28053135  8.49218714 71.2211525  93.42481402
 85.83737609 51.81379263 23.5983322  95.63995012 36.62457767 65.03340361
 50.60927951 59.69639305 32.34630365 84.05832168 49.9876821  77.21701576
 97.09819851 38.43027844 52.13094888 64.54010962 72.66397967 88.53728184
 73.11253048]","[42.84909549 32.07982385 57.55367505 25.14213704 49.53175151 51.40332789
 83.92385725 36.04930822 34.32447864 30.13740253 10.40526844 12.46016612
 24.89623839 54.31100431 46.55291129 50.61216718 38.74721015  7.06214974
 80.31622301 73.57384451 57.07950596 20.63122588 21.95749906 33.58464057
 17.40346435 66.48964926 51.34973001 89.24356883 13.23254147  1.21726185
 53.41404231 65.50934754 72.23325889 66.95881212 12.12527482 79.34187718
 70.01645965 70.13562951 82.6712698  36.09125994 73.88217334  4.7202792
  5.06373071 36.99559506 32.1232493  64.38125999 59.74043256 44.62525646
  8.89988278 16.43665872 85.00250994 35.8092434  71.19846222 55.30166609
 53.26005254 20.16150612 16.25855025 30.52943279 95.25130899  8.71425381
 59.85597332 44.91527788  5.62336054 61.71140693 73.46436043 87.81854894
 12.18726907 99.78827632 58.72764228 22.94924794 56.13336477 43.77046776
 19.39774944 52.47717163  5.60460014  9.67904729 86.07557035 44.91912998
 64.56706954 42.71475919 70.50826234 75.28154994 28.16114704 11.72345111
 98.05042486 13.64206674 39.30100314 30.88370396 94.6295772  97.589948
 26.56873583 50.6557388  69.71357739 90.19533887 83.9555708  42.14281604
 16.81622874 21.37600839 44.05374498 40.39500931 22.37423736 76.90968593
 73.53377567 42.9806949  12.57382393 34.63600802  6.53307925 99.41579488
 92.12052836 81.64264202 98.81677733 35.33343394 33.22213615 98.17215171
 54.52790718 67.38550876 50.55623205 90.41138693 69.59735874 85.91635913
 49.92029663 59.38139759 43.73795449 48.46606209 30.19287731 15.94430585
 78.98660716 60.37156859 17.39590556 28.38371292 81.90388695 55.64009228
 74.63342295 93.98245775 35.52852691 75.27231527 78.15914681 14.3653849
 20.34736985 19.38455941 11.24454179 81.91719331 86.09141315 55.48674079
 37.52311188 17.61177971 94.6478185  81.89544003 77.58201863 72.25174136
 27.22521176 38.33767809 26.06645632 72.80901489  5.9607148  15.28464885
 35.81645578 11.95924478 82.4175377  15.40441047 28.33821343 57.66847076
 99.24407089 87.51669631 66.57439091 36.82949639 85.41695204 16.73821797
 34.81930938 93.94725512 43.88196206 15.07971919 81.0686091  72.43811455
 32.86210229 97.42646092 10.76915611 18.97231178 39.73160062 82.02940037
 62.3451091  90.43999801 35.83891617  6.57767493 41.87801459 91.89706014
 58.16722249 94.8331459  75.43747659  2.44023215 19.74245297 59.21895076
 17.73897453 26.89913693 65.09223471 80.68231616 62.91028348 68.53564634
 63.95849598 82.83008616  0.27768641 29.57396689 44.5605495  90.33291724
  6.26174601 32.62566868 73.05248278  5.87337679 34.11845082 30.50767768
 91.95100421 23.00151538 77.1150686  17.1982193  45.72759383 55.99015695
 10.66992942 24.88351265 58.23727313 50.05851201 13.924342   38.19606266
 78.85920604 15.8849881  48.19460034 42.91601577 90.43681601 32.10311086
 97.94762202  0.8193298  93.07432689 20.30507827 68.54867594  2.20562112
 19.53951214 30.49597543 87.2264279  57.65592127 62.35919627 71.30450933
 33.62191032 79.46143762 38.72674348 88.65179185 67.79569223 31.29552222
 97.8544933  15.27644794 37.35994185 92.46738756 45.1071552  77.19291595
 45.7609001  40.72625111 58.62978188 32.29468337 72.83416226 81.06971983
 68.85108372 47.93790574 70.91088759 30.23266616 44.80565814  1.06428458
 60.66589733]"
