"[50.42327766 38.7113967   0.87483153 62.2050593  74.33065164 73.02261482
 62.61451298 12.72330845 24.68983898 65.14138187 43.09216762 31.8706898
 34.7677898   0.19040148 18.06026878 17.24089937 69.71276902 16.56364697
 21.12154858 21.13989787 72.73669351 59.85099897 64.63406231 15.89019307
 96.54223531 78.96206301 93.20203191 22.74917984 69.93949433 34.30509047
 29.18080435 94.31818813 25.74997672  8.0374332  86.15995222 73.40522361
  6.2071055  88.02166794 18.99902134 11.08658154 93.47656071 63.66684797
 18.40224293 91.30598546 84.17132711 14.26238524  1.0527285  97.7795937
 72.44444034 66.97182186 86.65475083 83.21971521 14.00652508 78.36712875
 93.74579816 81.81231986 79.61061745 27.65832317 55.52009391 80.09358529
 93.36857057  5.38059684 58.03270405 30.38291094 17.83707494 50.1258745
 50.3589344   3.86910294  5.89835559 32.78671223 51.57538737 47.42780076
 35.27787197  6.6649608  45.53976276 71.26329272 85.29726642 78.24994623
  6.55224069  8.23334639 95.9545903  53.10468272 94.13757461  1.14103033
 61.93556493 99.59898066 81.8462991  66.88032568 74.21461664 46.73519552
 12.75703302 89.04242965 14.92499686 29.51255147 32.65281098 87.38712108
 34.2381994  32.08943418 39.70695661 80.213229   43.5761437   4.41692957
 31.5261674  29.02055356  7.08827273 23.13479248 19.04405065 90.90408454
 74.41326359 91.87157956 53.20013128 17.22588607  1.98850135 99.84095203
 74.90827235 14.67957517 88.5905958  77.30019842  4.50945461 91.42134032
 96.06903211 19.2698915  79.26550309 83.95433318 12.43169389 28.54265679
 77.20923383 76.83065776 82.68381732 41.43124386 28.15123776 87.79149937
 88.54781072 39.17887839 45.31990857 42.09604856 92.80204004  3.50944679
 59.97606018 37.52589914 50.6285525  31.62328985 70.1168702  88.47357493
 63.03710733 41.87006209 43.8006186  37.24660366 64.74816098 62.73143216
 19.21210628 81.96690608 75.15309334 82.79196714 96.55859978 82.6323062
 96.06334393 51.65617185 63.28914072 37.66500544 60.90368416  4.33646585
 44.59058473 70.54484736 77.48710725 11.52046228 93.28202671 68.43430095
 28.9750425  82.68409023 40.49138987 39.63569951 61.95642357 44.47453257
 21.97579494 93.84153692 51.0704934  30.60054013 23.66736259  1.12445795
 10.30888331 63.18621822 55.90070519 65.51001324 58.91417107 81.32554042
 57.87815427 53.05150483 81.0431365  78.64268082 73.27388846 77.71765638
 55.6107655  47.08420829 17.5195454  36.68640961 91.17601561 14.40828575
 68.4893961  34.97904154 62.52955028 37.40960421 62.59326364 18.93368695
 77.5803101  13.47285218 12.76662338 67.83934699 18.85933096 94.83645638
 55.47814315 23.22676133 97.15657792 49.93928632  4.83153819 65.17975319
 14.41172505  1.20413694 19.87117214  0.5791569  49.32923948  3.61934283
  8.50772679 10.43721892 73.80046196 34.09642551 58.02791431 65.69962157
 43.96289289  6.80157361 78.43552695 91.73493692 67.10853252 64.19849981
 58.64764046 14.34485599 83.69947335 74.56661684 51.7376489  30.51201262
 38.06257993 74.53684783 69.73064343 40.56159488 38.34509493 62.96026343
 16.19113901 90.60779719 35.69822524 71.90035968 25.56115343  1.65201943
 56.94240507 76.69287092  6.98534526 96.93327952 78.27035335 78.97221169
 26.81008241 53.20368235 54.38666237 61.88336717 20.77755199 59.42449386
 15.74004734]"
