"[54.63462896 44.44564401 90.75657208 66.29740251 82.06838488 19.5557803
 27.07056311 92.27317899 58.88681062  8.85192243 78.68262214 49.79841201
 53.50411758  2.89895214 52.99984825 54.37492802 71.06778255 48.46998324
 39.91712919 47.05555895 25.69992511 17.01800042 32.0819676  71.63513324
 66.58298297 72.95559272 73.31180641 18.14083879 30.04724864 95.32291558
 20.36656548 75.06469674 68.91239573 65.22169959 61.53028774 45.18866454
 97.78259001 90.16878579 21.05268694 71.94815101 64.83539544 27.10500657
 67.37831707  3.49020059 28.82787968 78.19293886 15.01901358  7.97157813
 79.20789149  8.33158286 60.8463656  71.52679924 62.57021753  2.5501832
 56.50609759 51.94875122 88.7038753  65.77877586 96.406799   88.14645855
 75.9104484  80.38078079 14.39453219 91.9428177   5.09776702 22.47677177
 33.9952891   0.58765285 72.40411712 17.73428254  9.16843815 65.43163026
 45.21044577 30.65477582 54.87317844 10.56895774 40.4856034  11.76364046
 16.35218843 39.20813626 21.56714078  4.42769398 89.91612602 91.29150663
 37.76306223 79.58160976  0.97810441 76.62377661 93.68200212 89.62381981
 30.82647571 48.26283587 83.26355494 61.62205772 77.7579486  10.12654896
 65.52039345 92.58187779 77.58772179 78.64949051  0.81874505 69.29272907
 52.38813182 31.93137098 13.69509581 93.82169477 86.2823905  56.79750127
 81.28177896 92.58852171 25.49012117 91.07252952 44.83139052 31.82925051
 53.44728422 58.44089887 63.45997355  8.53126823 53.84030277  9.97800927
 61.139399   52.57921934 88.85133357 47.64279009 88.74724109 49.26742297
 60.02117201 33.26259837 35.13876969 12.25220555  4.67500546 90.5971896
 23.90180703 35.16834445 29.60393713 45.60300561 44.97326594 35.29381994
 93.27332354 32.46302896  5.35588565 22.52715298 84.93125005 93.37471309
 82.61674826 43.80442753 24.98701347 85.61766204 73.59126009 40.51961083
 79.14199862 39.01681423  9.39086699 31.65417288  3.23144352 15.56632991
 54.12936174  8.18649552 53.00899738 80.92903132 93.05813629 58.02272174
  1.57505553 31.47709214 85.13627971  1.69165854 84.36225053 53.84257443
 41.35247249 39.50930723 18.3885136  78.32228511  0.18604612 85.71515303
 36.08314132 52.82245957 20.19017664 20.38916978  3.94097535 65.59683312
 23.69586167 18.26019713  6.68243126  8.57494084 59.52286382  6.99636777
 71.93925662 56.25727879 73.80075266 47.24223807 87.4990708   7.03648585
 75.30299509 39.2834407  46.21006103 20.90665282 75.49856917 13.00343887
 81.33596207 67.0351152  50.26556422 17.67275944  9.86031429 90.26309487
  0.28866259 79.30234622 16.53586657 10.45314831 30.31907187 52.50638729
 54.33571959 98.52946051 93.5291583  25.09763749 76.22548523 84.44136955
 31.10769957 81.15943013  0.99484132 36.25622078 69.58825453 66.40271987
 14.68944119 20.69230366 28.5565338  42.41173286 26.51274124 68.95583029
  4.12392398 61.84552545 89.80275696 43.14312696  5.3144703  80.37511734
  4.36253566 86.80441992 60.21786942 90.20628858 96.3719417  70.00853056
 31.56973733 17.47702485 50.21939449 95.83866647 39.45538509 63.80024132
  9.39949578 90.73988432 57.41108354  4.58287471 59.39277935 88.59830697
  3.30498325 67.47500846 55.29069237 50.41878243 29.15620703 51.79294063
 54.1253884   6.83753023 52.45498512 15.28305757  5.91243169 27.91479537
 26.78946014]","[62.10753693  4.70309037 18.8874535  83.2612094  97.17919473 31.33294343
 46.51148651 45.42959041 31.0015075  94.98588128 49.72307616 10.05388564
 39.86527061 51.65476318 46.20353309 17.02691315 32.76399856 42.03775494
  8.77264107 22.05353627 57.0615068  43.26229758  0.58424333 65.78058614
 16.13770521 11.09213304 88.63731974 87.10720776 81.62410649 90.02012272
 12.34057218 26.38531235  0.22555214 67.73963202 63.67858512 57.78963165
 31.73510422  4.80437921 66.91943456 60.56376803 79.25143406 77.19932159
 67.42073272 24.43061786 53.21439492 26.17880288 88.3736518  68.81209009
 29.40742266 75.67230312 65.57516205 53.86264561 69.00426652 12.26922712
  6.80043758 54.53073199  5.82113714 81.43977212  2.90025112 15.28127419
 82.09560915 93.69000121 99.09044395 13.47889818 53.97754639 90.8916972
 18.87553892 48.23008126 20.07550145 89.47926776  0.56947593 40.06660489
 18.58611148 23.27688034 79.16736852  8.53088507 63.44043839 25.37506701
 82.63075319 88.59609366 76.31395534 20.35369357 98.48249481 88.30233478
 77.86922223 45.24543469  2.49393605 67.87011594 81.37970286 56.25001595
 36.2757848  53.02613399 35.39282244 62.82155746 28.93334869 52.11882564
 77.4843336  67.93523377 41.27565371  0.60210395 40.02058493 81.46978575
 46.90708613 26.81417207 12.24334958 92.06828861 55.53104622 25.35142032
 48.12458233 27.83231731 86.13556227 38.19146542  0.25795206 52.49174945
 52.34639712 96.88671135 80.66228262 47.63547591 60.79803103 91.24816807
 39.32007723 77.77162257 35.10476871 95.60443584 68.18575349 27.81939847
 45.06879897 58.57953886 40.80364857 38.24957682 82.07554384 54.87157342
 67.84706294 62.09450057 35.10727596 96.51364081 59.24331637 34.64373946
 72.70890087 68.84912871 37.9653322  64.60000755 56.8598183  63.99339374
 63.94798134 65.28204924 19.81928168 98.63936124 84.68094527 82.664377
 88.63490804 10.39084845 50.74648733 81.13001386 95.77249566 45.95143424
 11.26569139 18.80294493 85.29276669 92.28163499 95.55694474 90.18073629
 78.98454263 38.19504483 24.04373929 70.94502077 55.5210725  93.35504711
 56.35189921 99.1366584  14.44875226 86.88259395 39.23991872 36.78931045
 28.924446   33.60078386  4.9733857  47.55743755 63.62300086  4.27686762
 62.60158524 59.01520482 89.38607715 70.32590918 95.5494856  36.08085745
 80.25631434 72.74109453 45.91195861 82.81797059 32.96862217 89.16509639
 30.48670742  1.99914229 39.78374949 23.51062078 91.28908403  3.14775831
 44.92667867 88.23325963 53.02733113 85.46096616 52.06783307 75.78168028
 46.27205784 68.87227352 22.59551413 90.8165466  37.01511868 85.06047754
 73.45810499 78.99189912  1.70185504 64.26439133 19.76440467 51.20081405
  5.84260191  5.63727769 80.75644016 89.83568661 44.58134295 37.16767242
 94.6003687  15.54157017 19.77143612 73.31245238 35.45865895 60.89843649
 71.7226429  13.00404928 47.43255993 14.75658386 21.07817221 63.06014347
 44.67627709 19.86991682 34.73062343 20.36839623 49.62638455 85.592248
 88.61973835 73.1745922  77.65079714 93.30074721 56.6747629  70.38414959
 82.53968532 13.11319154 22.34020523 25.05558253 72.02236319 68.55625861
 71.6968726  96.83485023  9.46675661 51.20830447 39.4864084  80.35011018
 80.00031959 57.90917167 59.66725514  2.99985272 30.6550313  67.93587341
 55.9677994 ]","[5.82436958e+00 6.76859546e+01 5.23760975e+01 6.15124217e+01
 1.81102095e+01 2.51035006e+01 1.14705502e+01 6.37500034e+01
 1.52483987e+01 3.34653452e+01 4.12572123e+01 7.55530857e+01
 4.03441600e+01 6.30355754e+01 5.45360906e+00 7.48707410e+01
 3.45380276e+01 9.61242786e+01 5.10054173e+01 2.67257646e+01
 8.57883640e+01 4.62442336e+01 2.41996297e+01 3.91674451e+01
 6.19512569e+01 8.46009301e+01 3.69473673e+01 4.83655020e+01
 6.99058982e+00 7.70662044e+01 4.66982166e+01 1.71047505e+01
 7.34747117e+01 8.54676216e+01 2.24885461e+01 9.17598049e+01
 6.25207990e+01 4.17677444e+01 6.25881086e+01 7.42920313e+01
 5.74653450e+00 9.17351072e+01 6.15169498e+01 3.69401271e+01
 2.47857646e+01 8.94611615e+01 2.83180284e+01 6.39616759e+01
 1.55172532e+01 7.57948093e+01 1.32809939e+01 5.18922056e+01
 5.64073489e+01 1.60985238e+01 4.17440416e+01 4.19571651e+01
 4.49090061e+01 5.76189604e+01 9.96466939e+01 9.79283370e+01
 1.64484498e+01 7.86628174e+01 4.77021935e+01 4.06447028e+01
 2.06449760e+01 7.54417837e+01 7.74838249e+01 2.74346090e+00
 8.11730967e+00 6.36103353e+01 9.91551285e+00 9.05299108e+01
 4.13070036e+01 4.24747778e+01 8.69623685e+00 7.53955995e+01
 5.77769371e+00 8.58638726e+00 8.95540019e+01 6.66281262e+01
 6.49681323e+01 5.40019589e+00 2.76664426e+01 3.98243716e+01
 2.76898532e+01 4.60494408e+01 1.55655757e+01 6.21014400e+01
 2.64914096e+01 5.45177425e+01 8.15668702e+01 9.73064908e+00
 5.46736948e+01 4.67192280e+01 7.64764705e+00 9.08756216e+01
 4.39354755e+01 5.94419608e+01 9.86061680e+00 8.84725641e+01
 1.44599841e+01 4.21090818e+01 6.16694889e+01 9.83682498e+01
 4.51538600e+01 9.20734038e+01 9.51512542e+01 2.53138037e+01
 2.52813804e+01 6.68976471e+01 7.76647155e+01 1.61256214e+01
 2.50837125e+01 9.47021108e+01 7.89944071e+01 9.64460279e+01
 9.79763842e+01 7.14980639e+01 8.45558002e+01 6.17559362e+01
 6.48749319e+01 8.39802824e+01 8.58894542e+01 9.53153807e+01
 5.78274139e+01 2.53345569e+01 7.76618166e+01 5.72863786e+01
 3.38155551e+01 4.34336102e+01 1.52294090e+01 7.61986303e+01
 9.38020034e+01 1.09472651e+01 8.42255995e+01 6.84141969e+01
 7.34096445e+01 3.93492522e+01 5.01293379e+01 6.52305755e+00
 5.12891351e+01 7.78279741e+01 3.71279139e+01 4.16663400e+01
 3.16843982e+01 5.34918726e+01 4.19933765e+01 9.30279461e+01
 6.52709346e+01 3.53252950e+01 6.62878364e+01 3.27856466e+01
 2.05211787e+01 2.75638060e+01 2.53052606e+01 9.71814367e+01
 6.37743650e+01 1.88137270e+01 1.42079411e+01 6.07892385e+01
 2.84548104e+01 5.45010734e+01 1.40043798e+01 8.38118304e+01
 7.40086598e+01 4.23027750e+00 9.43729719e+01 9.99725449e+01
 4.96166819e+01 7.69979211e+01 6.86593621e+01 6.59207716e+01
 9.89305540e+01 6.30985450e+01 9.74305133e+01 8.18756167e+01
 6.07279283e+00 2.94625981e+01 2.44968685e+01 4.11444008e+01
 5.93893903e+01 4.31155622e+01 1.59800951e+00 2.42213674e+01
 4.75801946e+01 8.67126381e+01 9.28370646e+01 5.56568440e+01
 4.04170887e+00 1.87787856e+01 7.52384013e+01 8.79038334e+01
 6.64826951e+01 7.82133518e+01 4.57889060e+00 3.46926791e+01
 9.44623139e+01 3.91119941e+01 9.66223064e+01 3.52637071e+01
 5.04299364e+01 3.89118577e+01 9.44106265e+01 4.20567455e+00
 8.78878801e+01 2.52588087e+01 6.26604086e+01 3.20674634e+01
 4.37431792e+01 2.55098287e+01 5.48811652e+01 9.37779125e+01
 2.53763743e+01 8.81732063e+01 9.72534561e+01 5.25344679e+00
 3.43586720e+01 8.23467731e+01 6.73830002e+01 2.50916144e+01
 9.09739576e+01 3.39628536e+01 2.57462455e+01 7.65137465e+01
 4.92654243e+01 8.24405285e+01 7.03025488e+00 2.52409799e+01
 6.62504538e+01 7.52380822e+01 3.30089092e+01 9.07241718e+00
 2.00568193e+01 5.46222537e+01 7.85439493e+01 4.50992821e+01
 4.88737096e+01 3.55071797e+01 1.66556297e+01 8.96462651e+01
 7.67784206e+01 1.18300950e+01 8.76154251e-01 8.15717503e+01
 7.86562744e+01 2.68261220e+01 3.71878992e+01 1.87631928e+01
 6.18378070e+01 4.13598011e+01 2.33702519e+01 7.28796069e+01
 3.62254235e+01 1.55363389e+01 4.30869278e+01 1.10902484e+01
 6.95386015e+01 7.84986758e+01 7.15198681e-02 8.63355088e+01
 9.90622939e+01 7.93658392e+01 5.67877527e+01 4.24910370e+01
 3.82198327e+01]","[4.62357059e+01 1.63740085e+01 8.29613879e+01 3.46644821e+01
 5.12066242e+00 5.09365818e+01 6.88641964e+01 1.84851084e+01
 2.06888487e+00 3.50588334e+01 6.28729788e+01 4.75260326e+00
 3.95486017e+01 4.31594876e+00 5.60396688e+01 1.62278546e+01
 5.71592203e+01 1.57198382e+00 6.13767116e+01 6.78673658e+01
 5.65816233e+01 6.53632574e+01 2.51572632e+01 9.46288192e+01
 6.74031280e+01 5.70877817e+01 1.88076059e+01 3.14257768e+01
 3.73716640e+01 7.01693087e+01 2.56116557e+01 8.17126421e+01
 1.87409928e+00 4.38099975e+01 9.05956766e+01 8.65768821e+01
 5.05912453e+01 9.69475058e+01 7.15894067e+01 5.14321487e+01
 3.58005885e+01 3.65546925e+01 8.39427772e+01 9.75614866e+01
 8.96738289e+00 4.24799349e+01 8.58158384e+01 2.30185390e+00
 2.21183418e+01 3.74923446e+01 4.60781920e+01 6.13712739e+01
 1.28794098e+01 8.22847255e+01 9.70221460e+01 2.62020309e+01
 3.95781262e+01 4.14667060e+01 8.66260012e+01 7.95817014e+00
 4.77511301e+01 5.74321242e+01 2.56468570e+01 5.71469682e+01
 6.65882289e+00 6.26910192e+01 5.50895612e+01 2.49377455e+01
 1.77152654e+01 3.96148775e+01 2.59879023e+01 1.17918218e+01
 1.43564572e+01 8.34828485e+01 5.81150863e+01 9.39235261e+01
 3.45222561e+01 9.01476166e+01 7.36822751e+01 7.17178405e+01
 5.85925133e+01 7.67883422e+01 5.45811474e+01 4.34419683e+01
 8.29074105e+01 7.12279105e+01 4.05117989e+01 1.53223991e+01
 6.89988223e+01 4.23854571e+01 6.87070758e+01 6.22201682e+01
 6.75622579e+01 1.50515802e+01 3.35541610e+01 1.33299355e+01
 9.01461696e+01 5.05293327e+01 3.61993667e+01 8.39548299e+01
 7.55069856e+01 5.21472125e+00 3.78722778e+01 9.42835200e+00
 3.27740736e+01 5.59390145e+01 6.89837191e+01 2.80169061e+01
 3.59600873e+01 2.68987678e+01 7.42295342e+01 6.26962943e+01
 9.75900898e+01 1.11550841e+01 2.27151648e+00 3.70330826e+00
 4.84663218e+01 7.11290406e+01 1.80822395e+01 5.48065103e+01
 6.41400036e+01 8.02541839e+01 7.33581800e+00 1.00613907e+01
 6.81254844e+01 3.08711744e+01 7.80617943e+01 8.70197960e+00
 2.02235170e+01 7.76464744e+01 8.83347943e+01 1.93655698e+01
 4.51730507e+01 8.21884100e+01 8.13780786e+01 9.98877124e+01
 4.90662512e+00 8.72379762e+00 2.49300801e+01 6.96837379e+01
 7.80917635e+01 9.08669404e+01 3.88771301e+01 1.00784706e+01
 3.93828574e+01 4.80648082e+01 2.18327943e+01 6.26762910e+01
 2.25690547e+01 5.92151687e+01 5.13455767e+01 1.87071113e+01
 8.86187107e+01 3.20606234e+01 2.68649511e+01 6.64011033e+01
 8.87707934e+01 2.80400953e+00 5.15566984e+01 2.62712415e-02
 9.94535948e+00 8.81983287e+01 4.68065543e+01 5.54629223e+01
 2.05829673e+00 7.02393023e+01 6.30446500e+01 9.39586905e+01
 9.41407034e+01 9.43684647e+01 4.11461146e+01 5.97291899e+01
 6.62121840e+01 7.91365123e+01 5.12545282e+01 3.84159006e+00
 8.63481933e+01 1.90183089e+01 6.35033364e+01 6.50319627e+01
 5.50033259e+01 7.97207033e+01 1.63682609e+01 1.85147319e+01
 5.56052476e+01 5.28793621e+01 8.40626791e+01 8.45743492e+01
 9.14998903e+01 4.14004793e+01 1.06274282e+01 2.04597286e+01
 9.02344744e+01 8.05485705e+01 2.12798784e+01 9.61816644e+01
 3.99131032e+01 4.08102821e+00 3.76894104e+01 2.88784053e+01
 6.70449241e+01 2.31485257e+01 8.46879963e+01 9.38211812e+01
 8.89813392e+00 9.85760375e+01 9.04976976e+01 1.37947786e+01
 7.39512340e+00 5.36795888e+01 8.38433202e+01 1.16866272e+01
 7.63987124e+01 1.34916025e+01 1.01267822e+01 2.91621755e+01
 4.27805240e-01 2.61756158e+01 9.66425556e+01 9.69499647e+01
 2.64986850e+01 4.15734945e+00 7.19272446e+01 5.94555193e+01
 2.27478029e+01 9.80192203e+00 5.31283736e+01 7.67651616e+01
 5.84459643e+01 6.25820635e+01 7.42529344e+01 2.59808693e+00
 6.72298442e+01 3.49131098e+01 2.80386841e+01 2.07650875e+01
 3.60611757e+01 5.25569917e+01 8.57410771e+01 9.88339235e+01
 8.73831169e+01 4.34314809e+01 6.99880243e+01 8.31936249e+01
 9.37342922e+01 7.17655642e+01 9.58403474e+01 2.58367398e+01
 8.49753509e+01 2.42490432e+01 8.66025208e+01 2.98264609e+01
 6.36892496e+01 8.83764795e+01 1.49534772e+01 4.02025030e+01
 5.41789792e+01 5.94945787e+01 8.34701090e+01 5.94827850e+01
 1.08830285e+01 6.18310440e+01 2.16926823e+00 2.37225900e-01
 3.84554596e+01]","[26.76957546 61.79882803 44.65120154 12.85670138 41.18776648 50.12245596
 85.17246017 79.80083941 60.2447516  75.04427853 45.55770145 61.87637816
 33.33667577 39.15356229 95.96492781 93.68263327 35.41557789 42.46951264
 28.01617109 94.11808018 17.2985503  56.00401776 80.46902305 61.66819167
 46.97461569 81.91832391 85.82622844 64.81246868 51.48259916 73.84719822
 26.91401645  8.30759617 92.94183086 85.80493194 58.64094313 56.12110973
 22.87748853 97.05171076 80.72341596 47.31844501 15.70719707 10.16107535
 82.27462727 15.09505353 75.90484656 25.07480823 10.90756565  2.32498863
 88.80522544 52.24869162 15.09000522 19.99312079  4.63916112  6.6217773
 96.01884809 13.2576681  30.08291072 31.75566375  8.27336288 21.18867096
 18.17128325  4.46048111 28.07760222 60.39544497  1.61337092  2.78983583
 39.14049893 23.99360984  5.49145644 33.78786175 35.68255243 62.32217273
  0.9842936  28.9051206   7.78196873 30.15830284 53.88262696 55.22786143
 52.78427124 11.21411072 29.31954872 50.19010058 50.0710106   0.90240859
 84.05951517 26.14451132 96.01237863 54.59028017  2.62952263 32.15251703
 17.04203031 47.74847935 35.39691261 17.11114611 77.80824139 90.85709027
 12.37910269 31.02507779 37.18956669 18.79159692 14.45534605 97.77768284
  6.14349845  8.63073163 96.5887638  40.17751801 89.15742135 62.44669526
 41.16560886 42.17915176 59.34934087  4.5895756  80.96486821 46.16587306
 22.38561408 41.55568949 71.9826349  67.41085268 46.38376759 80.33719698
 45.51805154 91.38549996 60.79162413 89.67175365  4.89178343 46.89500635
  7.30684614 73.90919038 90.20689124 53.90008472 77.69263123 54.82954241
 78.04637717 35.77385623 54.16535203 79.83790038 48.48812584  3.87205416
 57.46919472  0.64148737 81.13737375 58.15569487 37.21173414 52.72727843
 27.21477587 88.19406467 21.22953861 40.20763961 63.7109908  22.961547
 29.93343961 72.78893003 35.68525992  0.34313734 14.75086893 22.56614108
 57.16977241 55.7009762  26.23122025 23.91155791 39.67406032 62.1513222
 86.86195674  5.04220613 90.91252572 67.81016193 30.03919203 54.68521512
 15.19449962 38.33367615 63.38186254 48.78223212 45.20773015 13.14010073
 92.78520835 41.09538017 93.42752173 58.87728792 52.62341641 97.04628169
 98.11836295 52.29519623  0.24705971 99.43633822 41.37452783 32.68471585
 76.27004238 67.52263883 21.37360935 73.07132125 49.56756879 42.94140796
  8.06621291 99.96029119 19.24783212 43.64819014 56.75424122 29.4397047
 70.78974258 31.39449173 13.61898276 48.10078202 12.96782331 95.74282697
 17.06873556 34.8946993  52.68649742  3.08346628 68.25887315 46.5266014
 76.7930136  15.02944776 20.13772983 80.36366293 28.08449014 29.74331943
  3.35642841 68.26053081 62.22417599 89.01998123 17.42433181 41.90373636
 20.85796429  3.53415475 98.79278291 71.35928582 12.98768958 26.13205744
 67.79051455 68.03531069 30.80651777 93.12211265 31.44266063 19.95300739
 63.35300374 11.74942328 80.21068117 82.39536344 64.96500735 55.07271902
  0.48174394 14.40397437 87.47352904 59.78888366  8.04340199 12.92679848
 28.05694853 58.73680337 15.51259812 95.74537935 17.21455157 25.22987672
 33.29265137 15.22464636 10.8325841  30.10492978 44.67163036  1.81194208
 20.95656898 40.38028353 71.33259621 12.29993662 68.72825584  3.02304606
  8.60015962]"
