"[95.4222749  10.48242657 68.38281046 88.05291966  2.9177859  34.53355266
 84.98078164 93.18635088 79.27119629 75.54874239 66.98873367 82.15906919
 17.33423179 41.04843849 78.55561486 45.8091026  25.60272905 47.9714181
 64.66530502 77.95986574 16.75406226 77.55558547 30.61220849 51.62214
 97.85303683 65.65224279 72.80555728 32.37140948 51.81510697 91.01761681
 68.90289494 57.32204034 66.83930547 92.92551436 26.8985759  64.59285159
 64.52201429 28.51336485 12.3625194   8.51887362 11.58450144  4.56433164
 89.55555595  4.55630984 35.50702327 27.97812079 88.0922919  72.50541049
 11.95902328 53.94420336 35.70093209 48.17643789 10.0080798  33.15725201
  8.3242701  83.00014029 33.33217525 92.47962476 58.42131659 23.53233464
  8.45504431 42.80509981 20.55440488 90.23270244 55.58721232 10.94935294
 70.52211011 80.55879915 86.03966857 22.60338921 55.81588329 35.0145431
 66.54398445 97.77764437 46.16409032 13.89509812 79.60173137 99.36788831
 86.98006756 84.77188171 52.56989882 56.20144084 33.68324229 86.63057171
 20.29750966 42.75178489 28.79334825 41.28219595 94.83872775 84.19258538
 13.0177874  97.23258201 72.94318907 43.85612367  5.33978782 10.28810227
 86.32219828 60.64633405 55.84350962 72.00843661 83.5463732  53.7137018
 52.96844516 59.32926133 68.11557975  3.35031013 67.80302513 37.43910045
 96.17667834 14.75671172  6.7422445  27.85500963 48.86413079  6.13135554
 66.47388794 17.57827526 88.50492046  4.99198198 28.76201455 46.31188231
  2.42766522  1.72291707 53.95757403 25.01603144 85.99905211 33.86379845
 27.26747896  4.05736465 82.5251706  90.44079811 36.13244674 26.0684794
 50.66785697 73.96287129 66.547963   91.86046873 92.67834744 24.15141677
 61.16896529 14.18287237 52.07121206  4.43913748 13.72107736 84.29751189
  1.64720746 36.21992405 13.2089975  87.23094935 28.41262555 48.110599
  1.07124741 80.47495071 91.14933114 43.73597721 66.76823018 78.00764938
 18.5602285  14.42115449 45.3640121  40.57483689 51.28008352 93.41795466
 47.85387405 99.90638053 34.14218015 54.99002031 48.13773463 58.27020574
 49.70361577 39.69586865 95.22701135 43.72144473 94.98745467 30.49186654
  8.99088188 43.79578601 61.48535563 62.75768299 49.67935594 91.84446903
 76.83096998 21.08532547 87.97129294 44.44919792 83.57978228 32.35889008
 59.18418208 53.36545662 79.58021623 94.19251111 86.17281797 84.41353513
 57.51920137 83.79291825 67.97713131 87.00541572 73.74072573 66.31415928
 74.51399596 78.76225516  2.35413396 69.1466528  37.53608689 31.76627952
 63.17718653 42.71609757 90.41386232 61.85219466 82.75282945 21.98497879
 19.97263501 95.97914721 16.49524154 11.11341429 79.78064512 44.31117995
 75.12620182 44.22367873 62.63142852  8.34617454 75.55266163 96.27561815
 65.62792614 57.34187473 94.3040204  50.28927531 48.51709814 26.04024245
 16.74035734  6.41634234 63.0395054  69.90365684 76.02071231  5.77872316
 30.56133922 24.55551368 42.32397718  2.29272433 59.11726662 18.17172076
 79.88879506 16.94761187 57.94637653 70.01354436 59.04836417 54.42878216
 67.37382616  1.0414636  66.19360264 31.42571211 88.48522948 32.88499132
 77.90039578 37.76609008 21.84219788 97.66296282 99.42979748 56.36839745
 47.22645406 69.75187812  8.90585198 83.13035805 84.73083634 14.19800168
 56.60208405]","[82.36017495 82.94242756 49.55551701 99.16820847 58.12786704 74.05286816
 62.75290272 34.12657965 42.37641444 89.21581822 99.41031329 18.46724398
 17.16068455 42.20436192 67.9398402  99.99469282 91.53494965 93.67095519
 56.25205667 88.4608949  42.92877691 33.82639576 70.22933922  4.46949258
 50.41088968 45.148129   79.01866911 90.10451401  9.04271017  9.94236986
 32.87549688 34.26079398  0.61095315 86.84053327 48.13450174 20.15995829
 75.08323465 38.99751335  8.5556566  55.20423631 42.05576277 82.7614962
 25.55486199 90.20442631 11.90991832 47.23233959 51.12296386 80.25023415
 21.56314151 46.43597958 74.78283845 30.67854816 74.70829302  3.33277042
 75.30633739 27.68132288 41.04612247 52.46662164 81.71242853 49.19539857
 96.04415014 15.11224258 90.9016057   0.56229383 50.74002706 19.98032076
 94.91008606 11.07612951 15.28940023 94.67177438 86.17865749 15.19089545
 20.73019902  0.86492255 91.44355117 72.7299292  88.85366164 37.76712864
 78.60039857 68.7843008  57.99410572 20.38852761 53.87490425 33.3445362
 46.75032521 44.81686002 20.81178512 66.18578955 45.02469675 12.72567725
 11.86706766 85.02080925 82.4665415  17.66839018 61.31688416 55.12102578
 44.22964252 74.91165238 75.11484931 50.96870522 63.47234896  1.63451556
 65.8920466  47.25148425 62.06851403 94.46069785 96.20635046 53.57486125
 58.37147467 99.12509617 23.03463311 81.06867345 86.19538996 97.68546267
 65.97225783 93.92788128  0.28525643 42.75606697  0.52549096 55.95089824
 46.53871734  6.11414682 19.44581349 32.29759563 40.84143867  6.48385605
 97.47579785 35.32945991 48.00396217 59.81222917 85.35528101 43.7240815
 67.86993486 76.95761841 47.95380155 81.10288984 73.3520762  96.79338281
 42.3486868  41.58720107 70.88285894 26.77356513  6.31522652 24.57689946
  7.11740138 11.79272376  0.56253197 19.27902894 24.46434105 66.73437977
 24.49095627 79.05389789 60.87989135 31.53090744  4.0363466  87.30020358
 72.1718501   9.06083266 63.89369621 96.67244669  1.72119081  8.58257302
 24.92450989 41.11825355 63.38856199 53.96588589 38.502889   87.17550161
  6.56191691 79.06116914 48.62263809 14.47498956 99.57933031 45.89117523
  9.28107567 37.32481165 90.64006782 35.49396329 70.67160344 49.82384263
 20.6848894   4.02594612 38.79470175 84.23293927 59.47027795 88.8210427
 29.7305107  29.5754719  18.71821277 86.17705456 26.36435835 85.93485269
 21.41978358 36.09910988 72.54958467 33.47531271 72.67319292 50.95132777
 29.34754514 60.42789409 75.11435653  9.74812347 18.42806273 39.0210113
  5.32968015 31.59907997 29.83210996 12.12444925 62.79923162 79.4746226
 93.30378529 48.89692089 26.7167499  91.90722058 53.89546132 60.42452144
 75.88807299 63.4843408   9.9103433  86.41388732 76.65265152 78.79500129
 33.0490514  25.76459953 11.25059226 53.06982225 78.29872789 48.6897537
 89.83550581 28.78673298 40.56391159 21.84178172 11.14862274 96.63446286
 98.2571845  30.40629904 85.3250878  89.34671737 60.91685493 39.64207916
 61.60882494  0.68276301 74.61758724 87.08085948 20.2553097   2.58614532
 58.88796164 16.30548186 20.9509799  28.06112677 53.35111281  3.3615864
 53.49403841 93.96613256 57.49979575 13.95366227 20.77211234 92.3288584
 92.06479954 23.31745609 19.99809573 45.06371962 80.90018377 98.5675787
 62.15169714]","[97.36932902 57.40225084 12.47127521  9.58219008 78.38079665 84.3243586
 42.64145046 17.00354074 45.09558284 73.01870436  5.10135759 48.2095334
 64.39142771 81.19615682 27.13136635 59.17052569 16.7581227  27.25854529
 91.96373354 38.00227197 38.3655198  82.63429239 20.05693301 61.88473584
 11.96003693 92.40371009  9.83247667 54.0309127  56.31970293 77.8108593
 59.10259869 70.7973156  19.95119521 46.19748616 96.90890135 91.75466136
 87.94946593 74.42204473 62.84997642 63.97151071  2.64884216  6.84560188
 83.3470389   8.57784837  2.65302633 34.6651975  70.27571033 80.47890552
  1.36420537 56.56236788 57.37456318 29.78125576 93.21657448 34.1188207
 25.68579858 32.33791302 87.33343847 13.58452358 49.07645422 59.11396672
 19.51259087 12.77767493 64.39874527 10.76176444 56.49914522 83.59457968
 18.43999899 87.07449426  1.80634014 42.04951385 93.75142401 58.6035771
  6.33782147 48.92487332 24.72623505 53.0156535  21.32405719 26.86968235
 46.1732139  54.6249989  74.72518237 47.15931048  3.58180384 72.28026384
 91.76196767 45.34369844 79.75975996 54.28526782 23.93417107 19.61009245
 23.37134845  6.65303122 96.85247714 12.50430201 25.58450425 27.3370005
 54.97630584 21.55457747 41.5409255  12.80481318 93.89376084 21.72195646
  4.77602127 83.83382804 14.24122771 32.06650545 33.19959042 41.07076919
 45.42013056 77.90500692 40.79685422 61.6294596  39.86406819 14.74022686
 96.03377395 78.39124751 64.71838393 15.75980702 29.1790518  60.05659491
 49.86249654 59.4457606  88.75192909 77.41869369 45.04648615 77.20678989
 27.2462727  75.94549938 95.57874981 82.27308223  6.0314033  53.21816587
 60.42439394 36.01983485 87.18654487 45.89057003 10.32460038 25.93769887
 47.91290565 72.55758112 90.54092413 15.18883753 30.13426893 18.43360021
  2.44266157 34.89357088 69.95122295 23.18156131 71.38270254 51.27153882
 65.4364755  37.98462261  8.27512384 92.55491578 65.16595639 11.94199885
 44.38181697 19.00095785 28.29841847 55.65736827 55.82994031 13.23891926
 89.64515033 36.01870346  5.21268578 74.73903845 98.38339618 55.23397888
 56.61993555 25.43089685 64.61786024 26.25595195  3.50771934 98.12608089
 30.57025429 76.28304124 17.47562064  6.90078713 61.42876603 63.33469467
 95.34929914 58.02083088  3.4585267  38.96784739 55.60818885 70.07656139
 68.88843915 45.04390075  8.70599828  8.75253566 17.94235775 88.16682111
 62.56060175  8.22485433  9.80374164 86.90270604 33.67109801 99.45044275
 41.82902753 46.60711599 34.5712797  35.0080713  24.48913484 42.53111828
 72.35882313 20.57692066 99.82655778 91.26255801 93.76222889 94.55882389
 79.8398245   2.60556401 22.74619642 19.96915336 41.19525756 59.89534788
  6.02743095 24.38133189 53.9257391  25.95094181 82.67180194  8.48114043
 52.90784567 79.56737937 41.05616645  2.69342096 49.60534707 55.74152738
 14.51451567 18.8984767  17.54213632  6.11817124 17.99468269 33.52644608
 67.51177853 87.98650188 81.74471238 41.25644107 46.7514622  89.89590913
 77.03849167 38.01645551 12.34271796 32.24017028 72.74450448 74.3040977
 86.58249433 95.78095454 77.52214502 95.10005688 16.09517829 55.46969766
 44.12284771 93.50554949 17.80120455 35.58150412 31.72379285 45.42544771
 58.92811863 87.39492738 65.98625264 65.05998817 90.93667785 94.28089916
 70.92164971]","[6.52307825e+01 3.28490051e+01 8.62799093e+01 2.56002355e+01
 9.26952908e+01 3.89401841e+01 7.03843815e+01 6.89809506e+01
 3.04495162e+01 6.66694348e+01 9.47328204e+00 2.40091858e+01
 5.48173071e+01 5.08343081e+01 2.33521140e+01 1.59792856e+01
 3.16716293e+01 3.18056119e+01 8.14056091e+01 6.97672495e+00
 1.90278779e+01 6.86365982e+01 8.82496394e+01 1.72784223e+01
 6.54112869e+01 1.12122442e+01 6.96919679e+01 8.14437485e+01
 2.72460318e+01 2.78259891e+01 5.23202849e+01 3.99444047e+01
 2.23025375e+01 4.26833108e+01 9.23392922e+01 6.92484431e+01
 1.06448026e+01 5.16682803e+00 1.87021330e+01 7.63102621e+01
 1.29637198e+01 7.44963807e+00 3.24016301e+01 6.58990449e+01
 9.82991818e-02 1.91367377e+01 7.12211161e+01 3.78660144e+01
 5.76490515e+01 5.90327219e+01 4.72215909e+01 1.47671100e+01
 2.06120099e+00 5.60382240e+01 4.30709606e+01 7.47137696e+01
 6.62797541e+01 1.83682407e+01 4.31851690e+01 1.05165603e+01
 4.84179035e+01 1.07026311e+01 7.75417266e+01 2.60417925e+01
 9.30446796e+01 1.48106916e+01 9.75199770e+01 7.75629513e+01
 9.59509330e+01 1.28146486e+01 5.99540314e+01 8.91569663e+01
 1.52198094e+01 8.21388539e+01 5.57835038e+01 1.86802403e+01
 1.17207977e+01 2.82057401e+01 8.55420574e+01 3.54725015e+01
 2.63502028e+01 4.79464999e+00 6.98003170e+01 2.77695732e+01
 6.84209792e+01 2.02002690e+01 1.86484702e+01 4.74905395e+01
 3.82639338e+01 5.53650730e+01 7.43727837e+01 4.97198443e+01
 5.88137854e+00 6.15275849e+00 4.40600510e+01 3.05691817e+01
 8.89928195e+00 8.47029546e+01 9.84486850e+01 8.40261452e+01
 3.40296881e+01 8.49843461e+01 4.54230563e+01 1.94381408e+01
 4.61067777e+01 5.71592793e+01 4.32513878e+01 8.03232154e+01
 3.89919878e+01 7.67436322e+01 8.94050091e+01 2.72232155e+01
 8.75862384e+01 3.97260113e+01 9.75113688e+01 8.12185137e+01
 3.70801572e+01 5.14116637e+01 3.20647168e+01 9.34013946e+01
 9.02842307e+01 8.16250406e+01 4.13894631e+01 2.05690639e+00
 3.65659736e+01 9.40865179e+00 1.21654198e+00 9.85358812e+01
 4.10444872e+01 9.02122328e+01 6.16724984e+01 2.88877794e+01
 9.57242463e+01 4.38816784e+01 2.60343383e+01 3.48171889e+01
 9.60279699e+01 6.09136057e+01 2.59114352e+00 1.04934407e+00
 1.81192618e+00 9.20975774e+01 3.75333552e+01 2.61871998e+01
 7.02333256e+01 7.58123665e+01 5.82376378e+01 4.32074737e+01
 6.94006828e+01 9.92395926e+01 9.39451644e+01 1.99025212e+01
 8.46600794e+01 4.44050311e+01 6.42453742e+01 6.13381555e+01
 2.23505598e+01 5.47332281e+01 4.05828287e+01 3.36060693e+00
 4.84315783e+01 6.77258469e+01 4.35693951e+01 3.74941932e+01
 8.22552686e+01 2.55549539e+01 7.45900224e+01 6.53539758e+01
 8.40784138e+01 3.69228287e+01 9.90803489e+01 5.20799861e+01
 3.31566404e+01 4.39660809e+01 1.01830844e+01 3.73174357e+01
 3.77492207e+01 2.63013272e+01 3.39522655e+01 7.53726576e+01
 9.09810618e+01 7.22380640e+01 4.27023334e+01 6.48159039e+01
 5.12224007e+01 3.54490074e+01 6.84062234e+01 4.86551076e+01
 6.26218275e+01 9.62690196e+01 1.24068661e+01 7.50456047e+01
 1.37602230e+01 3.16371644e+01 1.36127564e+01 2.02401148e+01
 9.10124189e+01 6.16960902e+00 5.37170897e+01 6.55701493e+01
 7.90229812e+00 4.79422259e+01 9.56626785e+01 4.36068417e+01
 7.98980383e+01 7.11854207e+01 8.74231773e+01 7.53410223e+01
 4.93007648e+00 6.16383229e+01 4.97255816e+01 9.45721651e+01
 9.58900239e+01 7.38231637e+01 5.22911468e+01 6.05408514e+01
 1.63062612e+01 6.58767045e+01 7.21233683e+01 9.77865358e+01
 4.89320332e+01 3.96224410e+01 5.99708647e+01 2.93830356e+00
 5.01621466e+01 1.07725253e+01 8.44070756e+01 8.07184859e+01
 6.61852805e+01 5.34727606e+01 7.32625874e+01 2.89010942e+00
 9.76714370e+01 4.30552054e+01 2.48911040e+01 6.00477989e+01
 4.55941071e+01 2.96100616e+01 6.59089915e+01 2.45798032e+01
 1.78977775e+01 2.07368566e+01 6.75579833e+01 6.38762303e-01
 9.11871382e+01 7.51199636e+01 4.41864847e+01 7.30990735e+01
 9.14372364e-01 6.81811648e+01 6.14116731e+01 2.48762908e+01
 6.03082686e+01 8.38546385e+01 4.81526773e+00 4.54612367e+01
 9.36093709e+00 3.92863885e+01 1.22148262e+01 6.72829113e+01
 4.93493919e+01 3.64852656e+01 2.95510453e+01 2.53913018e+01
 9.24136799e+01]","[95.78938208  0.35136854 48.17498423 87.20266374 19.57125838 90.04265535
 10.96809228 92.36642479 97.98768789 78.74174514 39.03063052 99.54538419
 89.25664372  2.24748093 70.00058712 71.95555281 16.64514448 83.70572422
 11.78748369 96.85586906 29.901336   71.45614274 49.84324472 46.36632701
 41.44892278 47.51361623 32.69504676 71.2230821  27.40043769 17.99786933
 33.79780085 85.27016048 43.31994182  9.18061279 13.63153343  5.74398955
 19.3756816  54.33013958 49.96461859 14.38197619 16.61324095  1.62487345
  4.47786542 44.03755459 23.1863986  56.27057331 10.92345523 48.09177395
 34.57261377 98.3907935  89.38345256 48.31342254 81.94579627  2.2625948
 48.60202334 96.23049613 85.00530131 35.40520638 98.09361378 62.10009935
 87.11923524 81.55905336 54.43216396 78.66066479 29.3643675  18.72516281
 93.5465361  52.66324814 49.61740662 64.25880423 12.13623316 45.09799954
 39.7849908  23.19688332 13.90017235 79.825152   93.87051126 47.8106295
 34.97819899 51.38771426 69.34398989 98.20756984 55.14655076 85.78772453
 87.0542415  30.56076278 95.96727768 82.5341896  37.73420611 60.10447184
 46.73758362 70.70845409 81.64781355 13.10669524 49.58711468 26.33610599
 81.86266204 63.50442959 74.74632024 58.62261695 47.06600296 22.70590654
 67.201323   12.55495183 77.06612676 34.16840702 81.92268734  2.73633514
 87.65552382 70.25890209  6.77001201 71.0326318  45.70565241 19.9339493
 16.34467828 56.61955838 89.14275955 89.64508057 68.31336412 75.97748071
 45.6893576  85.64166159 54.53847726 98.78056172 60.69658808 75.40444388
 52.76560183 37.77107832 56.72470474 47.74545591 92.21678187 99.65870725
 46.62285875 33.64277971 93.24316275 22.06861835 44.61340101 34.77877949
  0.32547551 47.96673629 50.55376471 66.87969948 27.50502747 66.77324601
 41.15249121 46.67669285 18.60337575 91.58032448 30.16030199 97.599218
 22.31266782 79.00445992 74.31133543 14.26661311 30.98197425 43.96890176
 34.21318042 48.64843244 66.61293273 25.1163842  13.08072963 54.67661533
 29.52821561 54.97069359 75.87017881 77.104446   43.3639288  15.45027667
 78.99662234 32.47241074 40.88856854 91.57475844 89.9129176  59.20727388
  6.89733269 66.19816863 44.95668183 24.22668855 50.68027074 13.84170303
 25.93655979  6.82535334 84.00198075 29.19336288 32.16544894 61.9084368
 36.88841174 88.87021932 54.08602835  9.80391051 72.7007331  23.9753844
 70.34679029 88.66523315 54.1162498  61.58693498  7.76268224  4.73037993
 42.90372174 60.03743162 39.27783552  9.9190219  89.44579925 61.42018361
  7.19794509 86.75215917  3.43209802 97.12936655 20.94975881 63.66158137
 29.24126817 82.44689625 35.88724626 99.99337075 22.02977665 98.84133277
 98.27264559 54.60994503 59.01750033 18.49948586 65.4656441  65.73289186
 77.74024895 53.95562284 66.0617342  56.7346323  60.28671462 53.45087575
 40.0076103  47.91627866 37.47281222 30.20864601 90.08059962 63.12570161
 81.51034365 24.99415658 20.55195247 43.89857236  4.43026878 16.90502398
 54.7003957  33.40540603 44.17869881 36.18778084 74.92949793 14.87962329
 93.94406278 73.11644667  4.09778068  8.96220453 40.1286494  78.32849018
 15.38670944 75.96248192 35.21936303 32.00875    48.83506555 10.07839176
 11.92903326 12.670026   51.19123475 19.87844473 27.80728856 38.15774575
 44.80040568]"
