# gen13{
3.253569167432503462e-01 0.000000000000000000e+00 3.253569167432503462e-01 5.856236655385078649e-01
0.000000000000000000e+00 0.000000000000000000e+00 0.000000000000000000e+00 1.000000000000000000e+00
7.573998258971418318e-01 0.000000000000000000e+00 7.573998258971418318e-01 2.863084361283865231e-01
7.580804680201060908e-01 0.000000000000000000e+00 7.580804680201060908e-01 2.724277848416593595e-01
7.780553399648949542e-01 0.000000000000000000e+00 7.780553399648949542e-01 -1.096302646857436613e-01
7.674044599837469560e-01 0.000000000000000000e+00 7.674044599837469560e-01 8.602503763867364039e-02
7.754758437012122529e-01 0.000000000000000000e+00 7.754758437012122529e-01 -6.463595276180733595e-02
7.748825363677716016e-01 0.000000000000000000e+00 7.748825363677716016e-01 -5.404445252253675669e-02
8.132760293622933734e-01 0.000000000000000000e+00 8.132760293622933734e-01 -4.745395244108887578e-01
8.039594179409648156e-01 0.000000000000000000e+00 8.039594179409648156e-01 -4.318574825643171078e-01
7.976560530298612006e-01 0.000000000000000000e+00 7.976560530298612006e-01 -3.790380460889062331e-01
8.013249949078526946e-01 0.000000000000000000e+00 8.013249949078526946e-01 -4.120453115174307346e-01
5.875616986754011312e-02 0.000000000000000000e+00 5.875616986754011312e-02 9.380514547585745433e-01
7.774433022250401004e-01 0.000000000000000000e+00 7.774433022250401004e-01 -9.911509806379786847e-02
8.184151267104374794e-01 0.000000000000000000e+00 8.184151267104374794e-01 -4.791933853443347546e-01
7.989843290213283211e-01 0.000000000000000000e+00 7.989843290213283211e-01 -3.917013118177872233e-01
7.760878814410672177e-01 0.000000000000000000e+00 7.760878814410672177e-01 -7.546946535320447902e-02
7.931102630151579680e-01 0.000000000000000000e+00 7.931102630151579680e-01 -3.298037239298250434e-01
7.946389842440002571e-01 0.000000000000000000e+00 7.946389842440002571e-01 -3.473567206779474281e-01
7.650755174537545722e-01 0.000000000000000000e+00 7.650755174537545722e-01 1.316783099898572451e-01
7.706878836317596626e-01 0.000000000000000000e+00 7.706878836317596626e-01 2.314959906402636047e-02
7.485951848184625446e-01 0.000000000000000000e+00 7.485951848184625446e-01 4.660421900978883314e-01
8.087473780104174059e-01 0.000000000000000000e+00 8.087473780104174059e-01 -4.592241250049212686e-01
2.851470449226938264e-01 0.000000000000000000e+00 2.851470449226938264e-01 6.983124674587919412e-01
7.842804847798914292e-01 0.000000000000000000e+00 7.842804847798914292e-01 -2.102473306072474291e-01
# }gen13
