# gen17{
0.000000000000000000e+00 0.000000000000000000e+00 0.000000000000000000e+00 1.000000000000000000e+00
7.780553399648949542e-01 0.000000000000000000e+00 7.780553399648949542e-01 -1.096302646857436613e-01
7.674044599837469560e-01 0.000000000000000000e+00 7.674044599837469560e-01 8.602503763867364039e-02
7.748825363677716016e-01 0.000000000000000000e+00 7.748825363677716016e-01 -5.404445252253675669e-02
5.875616986754011312e-02 0.000000000000000000e+00 5.875616986754011312e-02 9.380514547585745433e-01
8.184151267104374794e-01 0.000000000000000000e+00 8.184151267104374794e-01 -4.791933853443347546e-01
7.931102630151579680e-01 0.000000000000000000e+00 7.931102630151579680e-01 -3.298037239298250434e-01
7.706878836317596626e-01 0.000000000000000000e+00 7.706878836317596626e-01 2.314959906402636047e-02
2.851470449226938264e-01 0.000000000000000000e+00 2.851470449226938264e-01 6.983124674587919412e-01
7.972872295721249447e-01 0.000000000000000000e+00 7.972872295721249447e-01 -3.753807209074987439e-01
4.355034607912532107e-02 0.000000000000000000e+00 4.355034607912532107e-02 9.593994415693902766e-01
7.726813223897517346e-01 0.000000000000000000e+00 7.726813223897517346e-01 -1.401785726773757679e-02
2.913201157248804241e-01 0.000000000000000000e+00 2.913201157248804241e-01 6.641211033528833241e-01
3.046399741189536603e-01 0.000000000000000000e+00 3.046399741189536603e-01 6.084796727866232935e-01
7.870578019102402179e-01 0.000000000000000000e+00 7.870578019102402179e-01 -2.510146489688336313e-01
3.023048768505214381e-02 0.000000000000000000e+00 3.023048768505214381e-02 9.782646306466425967e-01
2.973960401793555586e-01 0.000000000000000000e+00 2.973960401793555586e-01 6.353314350266832111e-01
7.839999989190143959e-01 0.000000000000000000e+00 7.839999989190143959e-01 -2.059804985527635690e-01
7.506711468519342567e-01 0.000000000000000000e+00 7.506711468519342567e-01 4.238432496906261449e-01
7.598986217595123938e-01 0.000000000000000000e+00 7.598986217595123938e-01 2.354628023495292655e-01
8.026043415546905146e-01 0.000000000000000000e+00 8.026043415546905146e-01 -4.220801673524423592e-01
3.244822486347480051e-01 0.000000000000000000e+00 3.244822486347480051e-01 5.848310424408111885e-01
7.642738210405874977e-01 0.000000000000000000e+00 7.642738210405874977e-01 1.475644515951567981e-01
7.475431124959395213e-01 0.000000000000000000e+00 7.475431124959395213e-01 4.873213374506215056e-01
7.573743301055304578e-01 0.000000000000000000e+00 7.573743301055304578e-01 2.868287411518707364e-01
# }gen17
