# gen10{
3.253569167432503462e-01 0.000000000000000000e+00 3.253569167432503462e-01 5.856236655385078649e-01
0.000000000000000000e+00 1.197384573306005812e-01 0.000000000000000000e+00 2.197384573306005784e+00
2.184675797862374313e-01 0.000000000000000000e+00 2.184675797862374313e-01 1.107845131878472777e+00
1.809306118093963467e-01 0.000000000000000000e+00 1.809306118093963467e-01 1.145734103073123844e+00
9.329879281455100148e-02 1.028359051175845862e-01 9.329879281455100148e-02 1.957351359938581004e+00
7.580804680201060908e-01 0.000000000000000000e+00 7.580804680201060908e-01 2.724277848416593595e-01
7.780553399648949542e-01 0.000000000000000000e+00 7.780553399648949542e-01 -1.096302646857436613e-01
7.754758437012122529e-01 0.000000000000000000e+00 7.754758437012122529e-01 -6.463595276180733595e-02
7.669701947415675791e-01 0.000000000000000000e+00 7.669701947415675791e-01 9.447733985781253674e-02
7.674043111171103826e-01 0.000000000000000000e+00 7.674043111171103826e-01 8.602793005445530383e-02
7.748825363677716016e-01 0.000000000000000000e+00 7.748825363677716016e-01 -5.404445252253675669e-02
7.674044599837469560e-01 0.000000000000000000e+00 7.674044599837469560e-01 8.602503763867364039e-02
7.938011040816577157e-01 0.000000000000000000e+00 7.938011040816577157e-01 -3.378583788603166660e-01
8.138693366957341357e-01 0.000000000000000000e+00 8.138693366957341357e-01 -4.757711897582311833e-01
7.946355748439603017e-01 0.000000000000000000e+00 7.946355748439603017e-01 -3.473186776883658844e-01
8.132760293622933734e-01 0.000000000000000000e+00 8.132760293622933734e-01 -4.745395244108887578e-01
7.976560530298612006e-01 0.000000000000000000e+00 7.976560530298612006e-01 -3.790380460889062331e-01
7.984905237921636756e-01 0.000000000000000000e+00 7.984905237921636756e-01 -3.870869760214998845e-01
8.013249949078526946e-01 0.000000000000000000e+00 8.013249949078526946e-01 -4.120453115174307346e-01
8.039594179409648156e-01 0.000000000000000000e+00 8.039594179409648156e-01 -4.318574825643171078e-01
8.017205645079337195e-01 0.000000000000000000e+00 8.017205645079337195e-01 -4.152307899900641308e-01
8.017205645079337195e-01 0.000000000000000000e+00 8.017205645079337195e-01 -4.152307899900641308e-01
8.138693366957341357e-01 0.000000000000000000e+00 8.138693366957341357e-01 -4.757711897582311833e-01
8.017205645079337195e-01 0.000000000000000000e+00 8.017205645079337195e-01 -4.152307899900641308e-01
7.748825363677716016e-01 0.000000000000000000e+00 7.748825363677716016e-01 -5.404445252253675669e-02
# }gen10
