# gen1{
8.258321463273886609e-01 7.869432936068854190e-02 8.258321463273886609e-01 6.253774482127701928e-01
4.393924115710319267e-01 8.967245274557500423e-03 4.393924115710319267e-01 1.351390449317288800e+00
2.841385539743175315e-01 1.663812956109721464e-01 2.841385539743175315e-01 2.418545876424443630e+00
2.968116247713836753e-02 3.488760247192091990e-01 2.968116247713836753e-02 4.468419875914163342e+00
1.213791227525367056e-01 2.829027184459922406e-01 1.213791227525367056e-01 3.814148615128054587e+00
4.686970408134893962e-02 4.023505494141690342e-01 4.686970408134893962e-02 4.979768641364089810e+00
4.655941727234169658e-02 8.279910533534484696e-01 4.655941727234169658e-02 9.236804330081115566e+00
8.657065239702752546e-01 1.352681077980802948e-01 8.657065239702752546e-01 1.833745081564512214e+00
7.923006151625252569e-01 2.349747945371986058e-01 7.923006151625252569e-01 2.469978258462139475e+00
7.523161553819024405e-01 2.975576826223195193e-01 7.523161553819024405e-01 3.789456077057296923e+00
1.007887381677848859e-01 5.470032318352494594e-01 1.007887381677848859e-01 6.410847852245549205e+00
6.971351216054677558e-01 2.455626213927741830e-01 6.971351216054677558e-01 3.991784036557078252e+00
6.747339009653281483e-01 2.928012271618900542e-01 6.747339009653281483e-01 4.452408176328048306e+00
1.164762543894640734e-01 9.827769314696592762e-01 1.164762543894640734e-01 1.080175435568500042e+01
1.413493576659822226e-01 4.319740206691667916e-01 1.413493576659822226e-01 5.372444424552416109e+00
7.249754602646861779e-01 3.148106062788321724e-01 7.249754602646861779e-01 4.447900745907113595e+00
1.402575386821467429e-01 7.332799519226741447e-01 1.402575386821467429e-01 8.382913562463796708e+00
1.873367255244123841e-01 4.527210949245211724e-01 1.873367255244123841e-01 5.708196590305023577e+00
1.594617147787239508e-01 8.840116538212808850e-01 1.594617147787239508e-01 9.959013121123174272e+00
6.859534456073177466e-01 3.433773560049317997e-01 6.859534456073177466e-01 5.013083980954030849e+00
1.894204287520236951e-01 8.396920799471333519e-01 1.894204287520236951e-01 9.582302390983532092e+00
3.426134592119769451e-01 5.717132868825430814e-01 3.426134592119769451e-01 6.450571185073647129e+00
3.107430424794328516e-01 7.611351651432183285e-01 3.107430424794328516e-01 8.289698352162341521e+00
3.125016848675167269e-01 7.507833255403034700e-01 3.125016848675167269e-01 8.183853054394209181e+00
5.077523291439990372e-01 5.400247625083339775e-01 5.077523291439990372e-01 6.261667007590673961e+00
# }gen1
