# gen29{
0.000000000000000000e+00 0.000000000000000000e+00 0.000000000000000000e+00 1.000000000000000000e+00
7.931102630151579680e-01 0.000000000000000000e+00 7.931102630151579680e-01 -3.298037239298250434e-01
7.726813223897517346e-01 0.000000000000000000e+00 7.726813223897517346e-01 -1.401785726773757679e-02
2.913201157248804241e-01 0.000000000000000000e+00 2.913201157248804241e-01 6.641211033528833241e-01
3.046399741189536603e-01 0.000000000000000000e+00 3.046399741189536603e-01 6.084796727866232935e-01
8.026043415546905146e-01 0.000000000000000000e+00 8.026043415546905146e-01 -4.220801673524423592e-01
7.702674991519909975e-01 0.000000000000000000e+00 7.702674991519909975e-01 3.109024587662878591e-02
7.883313655995085600e-01 0.000000000000000000e+00 7.883313655995085600e-01 -2.687742384170258569e-01
8.544470405220516707e-02 0.000000000000000000e+00 8.544470405220516707e-02 9.210719696145701629e-01
5.740215644874941958e-01 0.000000000000000000e+00 5.740215644874941958e-01 1.203738210748558357e-01
7.839046486474900988e-01 0.000000000000000000e+00 7.839046486474900988e-01 -2.045239266400243894e-01
7.753292313580981698e-01 0.000000000000000000e+00 7.753292313580981698e-01 -6.202679189400139848e-02
2.666013346615100921e-01 0.000000000000000000e+00 2.666013346615100921e-01 8.208886282483459640e-01
2.613687128233350143e-01 0.000000000000000000e+00 2.613687128233350143e-01 8.580197161922333837e-01
2.794549853816504295e-02 0.000000000000000000e+00 2.794549853816504295e-02 9.811659627818216656e-01
7.671593821021268633e-01 0.000000000000000000e+00 7.671593821021268633e-01 9.079150413410791431e-02
3.216468004308926099e-01 0.000000000000000000e+00 3.216468004308926099e-01 5.833576630570029842e-01
2.559830447049467606e-01 0.000000000000000000e+00 2.559830447049467606e-01 8.961267009144642248e-01
7.967520645286432224e-01 0.000000000000000000e+00 7.967520645286432224e-01 -3.699660065549646992e-01
7.783713521447864769e-01 0.000000000000000000e+00 7.783713521447864769e-01 -1.150188931796727321e-01
4.477873264793643532e-02 0.000000000000000000e+00 4.477873264793643532e-02 9.575845269998899401e-01
7.810761060675672773e-01 0.000000000000000000e+00 7.810761060675672773e-01 -1.599558222328877344e-01
2.794322990703922982e-01 0.000000000000000000e+00 2.794322990703922982e-01 7.335599440796767290e-01
8.176650961870435275e-01 0.000000000000000000e+00 8.176650961870435275e-01 -4.793634024495583290e-01
6.391828002199778647e-02 0.000000000000000000e+00 6.391828002199778647e-02 9.320367728676091090e-01
# }gen29
