# gen23{
0.000000000000000000e+00 0.000000000000000000e+00 0.000000000000000000e+00 1.000000000000000000e+00
7.780553399648949542e-01 0.000000000000000000e+00 7.780553399648949542e-01 -1.096302646857436613e-01
7.674044599837469560e-01 0.000000000000000000e+00 7.674044599837469560e-01 8.602503763867364039e-02
5.875616986754011312e-02 0.000000000000000000e+00 5.875616986754011312e-02 9.380514547585745433e-01
8.184151267104374794e-01 0.000000000000000000e+00 8.184151267104374794e-01 -4.791933853443347546e-01
7.931102630151579680e-01 0.000000000000000000e+00 7.931102630151579680e-01 -3.298037239298250434e-01
2.851470449226938264e-01 0.000000000000000000e+00 2.851470449226938264e-01 6.983124674587919412e-01
4.355034607912532107e-02 0.000000000000000000e+00 4.355034607912532107e-02 9.593994415693902766e-01
7.726813223897517346e-01 0.000000000000000000e+00 7.726813223897517346e-01 -1.401785726773757679e-02
2.913201157248804241e-01 0.000000000000000000e+00 2.913201157248804241e-01 6.641211033528833241e-01
3.046399741189536603e-01 0.000000000000000000e+00 3.046399741189536603e-01 6.084796727866232935e-01
3.023048768505214381e-02 0.000000000000000000e+00 3.023048768505214381e-02 9.782646306466425967e-01
2.973960401793555586e-01 0.000000000000000000e+00 2.973960401793555586e-01 6.353314350266832111e-01
8.026043415546905146e-01 0.000000000000000000e+00 8.026043415546905146e-01 -4.220801673524423592e-01
3.244822486347479495e-01 0.000000000000000000e+00 3.244822486347479495e-01 5.848310424408111885e-01
7.702674991519909975e-01 0.000000000000000000e+00 7.702674991519909975e-01 3.109024587662878591e-02
7.713341476110656680e-01 0.000000000000000000e+00 7.713341476110656680e-01 1.101024572748771080e-02
7.969358848533227846e-01 0.000000000000000000e+00 7.969358848533227846e-01 -3.718402270102806328e-01
7.997986703287083277e-01 0.000000000000000000e+00 7.997986703287083277e-01 -3.990670785183062508e-01
7.883313655995085600e-01 0.000000000000000000e+00 7.883313655995085600e-01 -2.687742384170258569e-01
8.544470405220516707e-02 0.000000000000000000e+00 8.544470405220516707e-02 9.210719696145701629e-01
5.740215644874941958e-01 0.000000000000000000e+00 5.740215644874941958e-01 1.203738210748558357e-01
7.739462258880842604e-01 0.000000000000000000e+00 7.739462258880842604e-01 -3.715614075615952805e-02
7.839046486474900988e-01 0.000000000000000000e+00 7.839046486474900988e-01 -2.045239266400243894e-01
7.753292313580981698e-01 0.000000000000000000e+00 7.753292313580981698e-01 -6.202679189400139848e-02
# }gen23
