# gen25{
0.000000000000000000e+00 0.000000000000000000e+00 0.000000000000000000e+00 1.000000000000000000e+00
7.780553399648949542e-01 0.000000000000000000e+00 7.780553399648949542e-01 -1.096302646857436613e-01
5.875616986754011312e-02 0.000000000000000000e+00 5.875616986754011312e-02 9.380514547585745433e-01
8.184151267104374794e-01 0.000000000000000000e+00 8.184151267104374794e-01 -4.791933853443347546e-01
7.931102630151579680e-01 0.000000000000000000e+00 7.931102630151579680e-01 -3.298037239298250434e-01
2.851470449226938264e-01 0.000000000000000000e+00 2.851470449226938264e-01 6.983124674587919412e-01
7.726813223897517346e-01 0.000000000000000000e+00 7.726813223897517346e-01 -1.401785726773757679e-02
2.913201157248804241e-01 0.000000000000000000e+00 2.913201157248804241e-01 6.641211033528833241e-01
3.046399741189536603e-01 0.000000000000000000e+00 3.046399741189536603e-01 6.084796727866232935e-01
2.973960401793555586e-01 0.000000000000000000e+00 2.973960401793555586e-01 6.353314350266832111e-01
8.026043415546905146e-01 0.000000000000000000e+00 8.026043415546905146e-01 -4.220801673524423592e-01
3.244822486347479495e-01 0.000000000000000000e+00 3.244822486347479495e-01 5.848310424408111885e-01
7.702674991519909975e-01 0.000000000000000000e+00 7.702674991519909975e-01 3.109024587662878591e-02
7.969358848533227846e-01 0.000000000000000000e+00 7.969358848533227846e-01 -3.718402270102806328e-01
7.997986703287083277e-01 0.000000000000000000e+00 7.997986703287083277e-01 -3.990670785183062508e-01
7.883313655995085600e-01 0.000000000000000000e+00 7.883313655995085600e-01 -2.687742384170258569e-01
8.544470405220516707e-02 0.000000000000000000e+00 8.544470405220516707e-02 9.210719696145701629e-01
5.740215644874941958e-01 0.000000000000000000e+00 5.740215644874941958e-01 1.203738210748558357e-01
7.839046486474900988e-01 0.000000000000000000e+00 7.839046486474900988e-01 -2.045239266400243894e-01
7.753292313580981698e-01 0.000000000000000000e+00 7.753292313580981698e-01 -6.202679189400139848e-02
2.666013346615100921e-01 0.000000000000000000e+00 2.666013346615100921e-01 8.208886282483459640e-01
2.613687128233350143e-01 0.000000000000000000e+00 2.613687128233350143e-01 8.580197161922333837e-01
2.794549853816504295e-02 0.000000000000000000e+00 2.794549853816504295e-02 9.811659627818216656e-01
7.671593821021268633e-01 0.000000000000000000e+00 7.671593821021268633e-01 9.079150413410791431e-02
4.583533522601241500e-02 0.000000000000000000e+00 4.583533522601241500e-02 9.560255399587690439e-01
# }gen25
