# gen2{
4.393924115710319267e-01 0.000000000000000000e+00 4.393924115710319267e-01 1.245830034973333555e+00
2.841385539743175315e-01 1.663812956109721464e-01 2.841385539743175315e-01 2.418545876424443630e+00
2.839388400465006068e-01 1.936521115020592987e-01 2.839388400465006068e-01 2.695193110652350565e+00
8.258321463273886609e-01 7.869432936068854190e-02 8.258321463273886609e-01 6.253774482127701928e-01
1.213791227525367056e-01 2.829027184459922406e-01 1.213791227525367056e-01 3.814148615128054587e+00
2.968116247713836753e-02 3.488760247192091990e-01 2.968116247713836753e-02 4.468419875914163342e+00
2.968116247713836753e-02 3.488760247192091990e-01 2.968116247713836753e-02 4.468419875914163342e+00
8.258321463273886609e-01 7.869432936068854190e-02 8.258321463273886609e-01 6.253774482127701928e-01
8.258321463273886609e-01 7.869432936068854190e-02 8.258321463273886609e-01 6.253774482127701928e-01
8.410150158875635551e-01 7.869432936068854190e-02 8.410150158875635551e-01 7.569860496777357506e-01
2.841385539743175315e-01 1.760866467662202117e-01 2.841385539743175315e-01 2.516664811930001022e+00
4.393924115710319267e-01 8.967245274557500423e-03 4.393924115710319267e-01 1.351390449317288800e+00
4.484048136176632671e-01 8.967245274557500423e-03 4.484048136176632671e-01 1.336822538650690895e+00
4.393924115710319267e-01 8.967245274557500423e-03 4.393924115710319267e-01 1.351390449317288800e+00
1.213791227525367056e-01 3.173244304547031547e-01 1.213791227525367056e-01 4.158683099606260924e+00
3.754701522571032846e-02 8.279910533534484696e-01 3.754701522571032846e-02 9.249356403775713886e+00
4.570329114825336103e-02 3.891846960096244090e-01 4.570329114825336103e-02 4.849728928213745682e+00
7.923006151625252569e-01 2.349747945371986058e-01 7.923006151625252569e-01 2.469978258462139475e+00
8.657065239702752546e-01 1.352681077980802948e-01 8.657065239702752546e-01 1.833745081564512214e+00
8.657065239702752546e-01 1.352681077980802948e-01 8.657065239702752546e-01 1.833745081564512214e+00
8.845688835030820485e-01 1.352681077980802948e-01 8.845688835030820485e-01 2.230769074177822553e+00
4.686970408134893962e-02 4.023505494141690342e-01 4.686970408134893962e-02 4.979768641364089810e+00
4.655941727234169658e-02 8.279910533534484696e-01 4.655941727234169658e-02 9.236804330081115566e+00
4.655941727234169658e-02 8.279910533534484696e-01 4.655941727234169658e-02 9.236804330081115566e+00
1.007887381677848859e-01 5.470032318352494594e-01 1.007887381677848859e-01 6.410847852245549205e+00
# }gen2
