# gen31{
0.000000000000000000e+00 0.000000000000000000e+00 0.000000000000000000e+00 1.000000000000000000e+00
7.931102630151579680e-01 0.000000000000000000e+00 7.931102630151579680e-01 -3.298037239298250434e-01
7.726813223897517346e-01 0.000000000000000000e+00 7.726813223897517346e-01 -1.401785726773757679e-02
2.913201157248804241e-01 0.000000000000000000e+00 2.913201157248804241e-01 6.641211033528833241e-01
3.046399741189536603e-01 0.000000000000000000e+00 3.046399741189536603e-01 6.084796727866232935e-01
8.026043415546905146e-01 0.000000000000000000e+00 8.026043415546905146e-01 -4.220801673524423592e-01
7.702674991519909975e-01 0.000000000000000000e+00 7.702674991519909975e-01 3.109024587662878591e-02
8.544470405220516707e-02 0.000000000000000000e+00 8.544470405220516707e-02 9.210719696145701629e-01
5.740215644874941958e-01 0.000000000000000000e+00 5.740215644874941958e-01 1.203738210748558357e-01
7.839046486474900988e-01 0.000000000000000000e+00 7.839046486474900988e-01 -2.045239266400243894e-01
7.753292313580981698e-01 0.000000000000000000e+00 7.753292313580981698e-01 -6.202679189400139848e-02
2.666013346615100921e-01 0.000000000000000000e+00 2.666013346615100921e-01 8.208886282483459640e-01
2.794549853816504295e-02 0.000000000000000000e+00 2.794549853816504295e-02 9.811659627818216656e-01
7.671593821021268633e-01 0.000000000000000000e+00 7.671593821021268633e-01 9.079150413410791431e-02
3.216468004308926099e-01 0.000000000000000000e+00 3.216468004308926099e-01 5.833576630570029842e-01
7.967520645286432224e-01 0.000000000000000000e+00 7.967520645286432224e-01 -3.699660065549646992e-01
4.477873264793643532e-02 0.000000000000000000e+00 4.477873264793643532e-02 9.575845269998899401e-01
7.810761060675672773e-01 0.000000000000000000e+00 7.810761060675672773e-01 -1.599558222328877344e-01
8.176650961870435275e-01 0.000000000000000000e+00 8.176650961870435275e-01 -4.793634024495583290e-01
6.391828002199778647e-02 0.000000000000000000e+00 6.391828002199778647e-02 9.320367728676091090e-01
7.781500104901386550e-01 0.000000000000000000e+00 7.781500104901386550e-01 -1.112475135352016808e-01
2.546982386482255500e-01 0.000000000000000000e+00 2.546982386482255500e-01 9.051253433046766439e-01
7.868151894174314487e-01 0.000000000000000000e+00 7.868151894174314487e-01 -2.475634177717757067e-01
2.771862486972005435e-01 0.000000000000000000e+00 2.771862486972005435e-01 7.481734956559189520e-01
7.903535339663549930e-01 0.000000000000000000e+00 7.903535339663549930e-01 -2.957057209030046208e-01
# }gen31
