# gen3{
4.393924115710319267e-01 0.000000000000000000e+00 4.393924115710319267e-01 1.245830034973333555e+00
4.674906457407708715e-01 8.967245274557500423e-03 4.674906457407708715e-01 1.229974302207177184e+00
8.725628625555104101e-02 2.233215095169084896e-01 8.725628625555104101e-02 3.159955533835285379e+00
4.998595274025979807e-01 8.967245274557500423e-03 4.998595274025979807e-01 8.621446412283713112e-01
0.000000000000000000e+00 3.488760247192091990e-01 0.000000000000000000e+00 4.488760247192091768e+00
1.582928307399453921e-03 3.488760247192091990e-01 1.582928307399453921e-03 4.488696731492249903e+00
2.841385539743175315e-01 1.388779480423382728e-01 2.841385539743175315e-01 2.140022877439374582e+00
8.829098867216192970e-01 0.000000000000000000e+00 8.829098867216192970e-01 3.948200483957485796e-01
8.258321463273886609e-01 7.869432936068854190e-02 8.258321463273886609e-01 6.253774482127701928e-01
2.968116247713836753e-02 3.488760247192091990e-01 2.968116247713836753e-02 4.468419875914163342e+00
3.503219745798385326e-02 3.488760247192091990e-01 3.503219745798385326e-02 4.461476024401046736e+00
2.703166415426479507e-01 1.663812956109721464e-01 2.703166415426479507e-01 2.504276295356910875e+00
8.258321463273886609e-01 7.869432936068854190e-02 8.258321463273886609e-01 6.253774482127701928e-01
4.393924115710319267e-01 0.000000000000000000e+00 4.393924115710319267e-01 1.245830034973333555e+00
8.258321463273886609e-01 7.869432936068854190e-02 8.258321463273886609e-01 6.253774482127701928e-01
2.968116247713836753e-02 3.488760247192091990e-01 2.968116247713836753e-02 4.468419875914163342e+00
8.258321463273886609e-01 7.869432936068854190e-02 8.258321463273886609e-01 6.253774482127701928e-01
8.258321463273886609e-01 7.869432936068854190e-02 8.258321463273886609e-01 6.253774482127701928e-01
6.454208890701227386e-01 0.000000000000000000e+00 6.454208890701227386e-01 9.003233789356881456e-01
2.839388400465006068e-01 1.936521115020592987e-01 2.839388400465006068e-01 2.695193110652350565e+00
1.213791227525367056e-01 2.829027184459922406e-01 1.213791227525367056e-01 3.814148615128054587e+00
1.160280877716912129e-01 3.173244304547031547e-01 1.160280877716912129e-01 4.144076233782078234e+00
2.841385539743175315e-01 1.663812956109721464e-01 2.841385539743175315e-01 2.418545876424443630e+00
0.000000000000000000e+00 1.000000000000000000e+00 0.000000000000000000e+00 1.100000000000000000e+01
1.213791227525367056e-01 3.173244304547031547e-01 1.213791227525367056e-01 4.158683099606260924e+00
# }gen3
