# gen48{
0.000000000000000000e+00 0.000000000000000000e+00 0.000000000000000000e+00 1.000000000000000000e+00
7.702674991519909975e-01 0.000000000000000000e+00 7.702674991519909975e-01 3.109024587662878591e-02
2.666013346615100921e-01 0.000000000000000000e+00 2.666013346615100921e-01 8.208886282483459640e-01
3.216468004308926099e-01 0.000000000000000000e+00 3.216468004308926099e-01 5.833576630570029842e-01
7.810761060675672773e-01 0.000000000000000000e+00 7.810761060675672773e-01 -1.599558222328877344e-01
8.176650961870435275e-01 0.000000000000000000e+00 8.176650961870435275e-01 -4.793634024495583290e-01
7.781500104901386550e-01 0.000000000000000000e+00 7.781500104901386550e-01 -1.112475135352016808e-01
2.546982386482255500e-01 0.000000000000000000e+00 2.546982386482255500e-01 9.051253433046766439e-01
7.753957728427681717e-01 0.000000000000000000e+00 7.753957728427681717e-01 -6.321165039923215545e-02
8.271040141913305055e-02 0.000000000000000000e+00 8.271040141913305055e-02 9.208909584046602870e-01
2.776376177348413021e-01 0.000000000000000000e+00 2.776376177348413021e-01 7.452068930455164608e-01
4.554769268873951060e-02 0.000000000000000000e+00 4.554769268873951060e-02 9.564496055051728840e-01
7.871916979783781798e-01 0.000000000000000000e+00 7.871916979783781798e-01 -2.529101175887987774e-01
2.908456876253568968e-01 0.000000000000000000e+00 2.908456876253568968e-01 6.665839399971578150e-01
5.491871506132617320e-01 0.000000000000000000e+00 5.491871506132617320e-01 1.796632961321549260e-01
7.918231885439589446e-01 0.000000000000000000e+00 7.918231885439589446e-01 -3.142684853287880387e-01
7.728388003625015212e-01 0.000000000000000000e+00 7.728388003625015212e-01 -1.691809767185586955e-02
7.664355300570844243e-01 0.000000000000000000e+00 7.664355300570844243e-01 1.049231987200707206e-01
5.415453578456722594e-01 0.000000000000000000e+00 5.415453578456722594e-01 2.385674340052089670e-01
8.037787491637350401e-01 0.000000000000000000e+00 8.037787491637350401e-01 -4.306049350474437931e-01
5.287092619108759717e-01 0.000000000000000000e+00 5.287092619108759717e-01 3.712354999179199866e-01
5.689630499789912754e-01 0.000000000000000000e+00 5.689630499789912754e-01 1.148064016366143747e-01
5.359293815635848279e-01 0.000000000000000000e+00 5.359293815635848279e-01 2.919767635407390927e-01
7.978430656846678959e-01 0.000000000000000000e+00 7.978430656846678959e-01 -3.808691910379301548e-01
5.213448977948529350e-01 0.000000000000000000e+00 5.213448977948529350e-01 4.617487960784187329e-01
# }gen48
