# gen43{
0.000000000000000000e+00 0.000000000000000000e+00 0.000000000000000000e+00 1.000000000000000000e+00
7.726813223897517346e-01 0.000000000000000000e+00 7.726813223897517346e-01 -1.401785726773757679e-02
3.046399741189536603e-01 0.000000000000000000e+00 3.046399741189536603e-01 6.084796727866232935e-01
7.702674991519909975e-01 0.000000000000000000e+00 7.702674991519909975e-01 3.109024587662878591e-02
7.839046486474900988e-01 0.000000000000000000e+00 7.839046486474900988e-01 -2.045239266400243894e-01
2.666013346615100921e-01 0.000000000000000000e+00 2.666013346615100921e-01 8.208886282483459640e-01
7.671593821021268633e-01 0.000000000000000000e+00 7.671593821021268633e-01 9.079150413410791431e-02
3.216468004308926099e-01 0.000000000000000000e+00 3.216468004308926099e-01 5.833576630570029842e-01
7.810761060675672773e-01 0.000000000000000000e+00 7.810761060675672773e-01 -1.599558222328877344e-01
8.176650961870435275e-01 0.000000000000000000e+00 8.176650961870435275e-01 -4.793634024495583290e-01
7.781500104901386550e-01 0.000000000000000000e+00 7.781500104901386550e-01 -1.112475135352016808e-01
2.546982386482255500e-01 0.000000000000000000e+00 2.546982386482255500e-01 9.051253433046766439e-01
7.753957728427681717e-01 0.000000000000000000e+00 7.753957728427681717e-01 -6.321165039923215545e-02
5.623062356900545566e-01 0.000000000000000000e+00 5.623062356900545566e-01 1.215121619384900153e-01
8.271040141913305055e-02 0.000000000000000000e+00 8.271040141913305055e-02 9.208909584046602870e-01
2.776376177348413021e-01 0.000000000000000000e+00 2.776376177348413021e-01 7.452068930455164608e-01
8.044060079412768127e-01 0.000000000000000000e+00 8.044060079412768127e-01 -4.348858475511295785e-01
4.554769268873951060e-02 0.000000000000000000e+00 4.554769268873951060e-02 9.564496055051728840e-01
2.560505614494477944e-02 0.000000000000000000e+00 2.560505614494477944e-02 9.839808640370524273e-01
7.871916979783781798e-01 0.000000000000000000e+00 7.871916979783781798e-01 -2.529101175887987774e-01
2.908456876253568968e-01 0.000000000000000000e+00 2.908456876253568968e-01 6.665839399971578150e-01
7.973073247307459477e-01 0.000000000000000000e+00 7.973073247307459477e-01 -3.755815557833278584e-01
5.373681301716035641e-01 0.000000000000000000e+00 5.373681301716035641e-01 2.775483778415309688e-01
5.222101619261925176e-01 0.000000000000000000e+00 5.222101619261925176e-01 4.507064794674209285e-01
7.912568144716664031e-01 0.000000000000000000e+00 7.912568144716664031e-01 -3.072175500934987147e-01
# }gen43
