# gen4{
2.703166415426479507e-01 1.663812956109721464e-01 2.703166415426479507e-01 2.504276295356910875e+00
2.841385539743175315e-01 1.388779480423382728e-01 2.841385539743175315e-01 2.140022877439374582e+00
7.762822652543757695e-02 2.293163825913668297e-01 7.762822652543757695e-02 3.219249453345018885e+00
8.725628625555104101e-02 2.233215095169084896e-01 8.725628625555104101e-02 3.159955533835285379e+00
9.950041256724203587e-01 0.000000000000000000e+00 9.950041256724203587e-01 1.345923674597625519e-01
3.388162751583625454e-01 1.388779480423382728e-01 3.388162751583625454e-01 2.073350339377604712e+00
0.000000000000000000e+00 3.488760247192091990e-01 0.000000000000000000e+00 4.488760247192091768e+00
1.582928307399453921e-03 3.488760247192091990e-01 1.582928307399453921e-03 4.488696731492249903e+00
2.968116247713836753e-02 3.488760247192091990e-01 2.968116247713836753e-02 4.468419875914163342e+00
3.503219745798385326e-02 3.488760247192091990e-01 3.503219745798385326e-02 4.461476024401046736e+00
4.998595274025979807e-01 8.967245274557500423e-03 4.998595274025979807e-01 8.621446412283713112e-01
8.829098867216192970e-01 0.000000000000000000e+00 8.829098867216192970e-01 3.948200483957485796e-01
4.891381283571661354e-01 8.955288808098546896e-03 4.891381283571661354e-01 1.001843499423562989e+00
8.218163616393597826e-01 7.056601857180153092e-02 8.218163616393597826e-01 5.103002480761010817e-01
4.691542744991777369e-01 0.000000000000000000e+00 4.691542744991777369e-01 1.108252032194054992e+00
4.393924115710319267e-01 0.000000000000000000e+00 4.393924115710319267e-01 1.245830034973333555e+00
4.501138106164637720e-01 1.195646645895401647e-05 4.501138106164637720e-01 1.225226748774032037e+00
8.829098867216192970e-01 0.000000000000000000e+00 8.829098867216192970e-01 3.948200483957485796e-01
8.829098867216192970e-01 0.000000000000000000e+00 8.829098867216192970e-01 3.948200483957485796e-01
4.998595274025979807e-01 8.967245274557500423e-03 4.998595274025979807e-01 8.621446412283713112e-01
0.000000000000000000e+00 3.488760247192091990e-01 0.000000000000000000e+00 4.488760247192091768e+00
4.393924115710319267e-01 0.000000000000000000e+00 4.393924115710319267e-01 1.245830034973333555e+00
2.968116247713836753e-02 3.488760247192091990e-01 2.968116247713836753e-02 4.468419875914163342e+00
2.841385539743175315e-01 1.663812956109721464e-01 2.841385539743175315e-01 2.418545876424443630e+00
2.839388400465006068e-01 1.936521115020592987e-01 2.839388400465006068e-01 2.695193110652350565e+00
# }gen4
