# gen5{
7.762822652543757695e-02 2.293163825913668297e-01 7.762822652543757695e-02 3.219249453345018885e+00
7.961776971863654406e-02 2.233215095169084896e-01 7.961776971863654406e-02 3.158891816097973315e+00
8.218163616393597826e-01 0.000000000000000000e+00 8.218163616393597826e-01 -4.747768372509614254e-01
2.379098788878372395e-01 1.518785000589700784e-01 2.379098788878372395e-01 2.567498041243182705e+00
3.253569167432503462e-01 1.388779480423382728e-01 3.253569167432503462e-01 2.035945955527419304e+00
2.703166415426479507e-01 1.663812956109721464e-01 2.703166415426479507e-01 2.504276295356910875e+00
2.968116247713836753e-02 3.001270816117702078e-01 2.968116247713836753e-02 3.980906533568806527e+00
2.841385539743175315e-01 1.388779480423382728e-01 2.841385539743175315e-01 2.140022877439374582e+00
4.998595274025979807e-01 8.967245274557500423e-03 4.998595274025979807e-01 8.621446412283713112e-01
4.393924115710319267e-01 0.000000000000000000e+00 4.393924115710319267e-01 1.245830034973333555e+00
4.708244976880625599e-01 0.000000000000000000e+00 4.708244976880625599e-01 1.093448560821956850e+00
0.000000000000000000e+00 3.488760247192091990e-01 0.000000000000000000e+00 4.488760247192091768e+00
4.691542744991777369e-01 0.000000000000000000e+00 4.691542744991777369e-01 1.108252032194054992e+00
4.501138106164637720e-01 1.195646645895401647e-05 4.501138106164637720e-01 1.225226748774032037e+00
4.891381283571661354e-01 8.955288808098546896e-03 4.891381283571661354e-01 1.001843499423562989e+00
1.582928307399453921e-03 3.488760247192091990e-01 1.582928307399453921e-03 4.488696731492249903e+00
9.221444844313949132e-03 3.488760247192091990e-01 9.221444844313949132e-03 4.486623222026810964e+00
1.345935841511222177e-02 3.488760247192091990e-01 1.345935841511222177e-02 4.484253322392649288e+00
4.691542744991777369e-01 0.000000000000000000e+00 4.691542744991777369e-01 1.108252032194054992e+00
4.393924115710319267e-01 0.000000000000000000e+00 4.393924115710319267e-01 1.245830034973333555e+00
4.998595274025979807e-01 8.967245274557500423e-03 4.998595274025979807e-01 8.621446412283713112e-01
0.000000000000000000e+00 3.488760247192091990e-01 0.000000000000000000e+00 4.488760247192091768e+00
4.393924115710319267e-01 0.000000000000000000e+00 4.393924115710319267e-01 1.245830034973333555e+00
4.691542744991777369e-01 0.000000000000000000e+00 4.691542744991777369e-01 1.108252032194054992e+00
0.000000000000000000e+00 3.488760247192091990e-01 0.000000000000000000e+00 4.488760247192091768e+00
# }gen5
