# gen54{
0.000000000000000000e+00 0.000000000000000000e+00 0.000000000000000000e+00 1.000000000000000000e+00
2.666013346615100921e-01 0.000000000000000000e+00 2.666013346615100921e-01 8.208886282483459640e-01
3.216468004308926099e-01 0.000000000000000000e+00 3.216468004308926099e-01 5.833576630570029842e-01
8.176650961870435275e-01 0.000000000000000000e+00 8.176650961870435275e-01 -4.793634024495583290e-01
2.546982386482255500e-01 0.000000000000000000e+00 2.546982386482255500e-01 9.051253433046766439e-01
8.271040141913305055e-02 0.000000000000000000e+00 8.271040141913305055e-02 9.208909584046602870e-01
7.871916979783781798e-01 0.000000000000000000e+00 7.871916979783781798e-01 -2.529101175887987774e-01
2.908456876253568968e-01 0.000000000000000000e+00 2.908456876253568968e-01 6.665839399971578150e-01
7.728388003625015212e-01 0.000000000000000000e+00 7.728388003625015212e-01 -1.691809767185586955e-02
7.664355300570844243e-01 0.000000000000000000e+00 7.664355300570844243e-01 1.049231987200707206e-01
5.415453578456722594e-01 0.000000000000000000e+00 5.415453578456722594e-01 2.385674340052089670e-01
8.037787491637350401e-01 0.000000000000000000e+00 8.037787491637350401e-01 -4.306049350474437931e-01
5.359293815635848279e-01 0.000000000000000000e+00 5.359293815635848279e-01 2.919767635407390927e-01
7.978430656846678959e-01 0.000000000000000000e+00 7.978430656846678959e-01 -3.808691910379301548e-01
5.213448977948529350e-01 0.000000000000000000e+00 5.213448977948529350e-01 4.617487960784187329e-01
7.922556184270933555e-01 0.000000000000000000e+00 7.922556184270933555e-01 -3.195640628069230660e-01
4.095771315493505066e-02 0.000000000000000000e+00 4.095771315493505066e-02 9.632225662595013116e-01
5.689410108805451616e-01 0.000000000000000000e+00 5.689410108805451616e-01 1.148023545898583242e-01
5.499498686210309017e-01 0.000000000000000000e+00 5.499498686210309017e-01 1.747382615664386796e-01
2.798846880107296875e-01 0.000000000000000000e+00 2.798846880107296875e-01 7.306636199695663025e-01
7.827328604794736577e-01 0.000000000000000000e+00 7.827328604794736577e-01 -1.863756228831241479e-01
5.146294210661308544e-01 0.000000000000000000e+00 5.146294210661308544e-01 5.501787307658432269e-01
7.697392804316214310e-01 0.000000000000000000e+00 7.697392804316214310e-01 4.111561301751387454e-02
7.786260495589982789e-01 0.000000000000000000e+00 7.786260495589982789e-01 -1.193415344782750021e-01
5.282673673527902292e-01 0.000000000000000000e+00 5.282673673527902292e-01 3.764207610626812417e-01
# }gen54
