# gen64{
0.000000000000000000e+00 0.000000000000000000e+00 0.000000000000000000e+00 1.000000000000000000e+00
2.666013346615100921e-01 0.000000000000000000e+00 2.666013346615100921e-01 8.208886282483459640e-01
3.216468004308926099e-01 0.000000000000000000e+00 3.216468004308926099e-01 5.833576630570029842e-01
8.176650961870435275e-01 0.000000000000000000e+00 8.176650961870435275e-01 -4.793634024495583290e-01
8.271040141913305055e-02 0.000000000000000000e+00 8.271040141913305055e-02 9.208909584046602870e-01
7.664355300570844243e-01 0.000000000000000000e+00 7.664355300570844243e-01 1.049231987200707206e-01
5.415453578456722594e-01 0.000000000000000000e+00 5.415453578456722594e-01 2.385674340052089670e-01
7.978430656846678959e-01 0.000000000000000000e+00 7.978430656846678959e-01 -3.808691910379301548e-01
5.213448977948529350e-01 0.000000000000000000e+00 5.213448977948529350e-01 4.617487960784187329e-01
7.922556184270933555e-01 0.000000000000000000e+00 7.922556184270933555e-01 -3.195640628069230660e-01
5.689410108805451616e-01 0.000000000000000000e+00 5.689410108805451616e-01 1.148023545898583242e-01
5.499498686210309017e-01 0.000000000000000000e+00 5.499498686210309017e-01 1.747382615664386796e-01
7.827328604794736577e-01 0.000000000000000000e+00 7.827328604794736577e-01 -1.863756228831241479e-01
5.146294210661308544e-01 0.000000000000000000e+00 5.146294210661308544e-01 5.501787307658432269e-01
5.282673673527902292e-01 0.000000000000000000e+00 5.282673673527902292e-01 3.764207610626812417e-01
2.776431002884440780e-01 0.000000000000000000e+00 2.776431002884440780e-01 7.451709480620449799e-01
4.173536283431444893e-02 0.000000000000000000e+00 4.173536283431444893e-02 9.620783188278119180e-01
5.342911312994765849e-01 0.000000000000000000e+00 5.342911312994765849e-01 3.089910829933134040e-01
2.541978752943445108e-01 0.000000000000000000e+00 2.541978752943445108e-01 9.086156092262317463e-01
2.972102949680712203e-01 0.000000000000000000e+00 2.972102949680712203e-01 6.361315439066469457e-01
7.776850283820501142e-01 0.000000000000000000e+00 7.776850283820501142e-01 -1.032803917540860428e-01
7.695752482644396819e-01 0.000000000000000000e+00 7.695752482644396819e-01 4.423947028787345026e-02
2.871715651753742882e-01 0.000000000000000000e+00 2.871715651753742882e-01 6.866080699505028306e-01
7.878611934335896239e-01 0.000000000000000000e+00 7.878611934335896239e-01 -2.622882449641148472e-01
7.728388003625016323e-01 0.000000000000000000e+00 7.728388003625016323e-01 -1.691809767185847857e-02
# }gen64
