# gen6{
8.218163616393597826e-01 0.000000000000000000e+00 8.218163616393597826e-01 -4.747768372509614254e-01
3.253569167432503462e-01 1.825192610057257969e-03 3.253569167432503462e-01 6.057730556572344938e-01
3.343983576951778391e-01 0.000000000000000000e+00 3.343983576951778391e-01 6.031576450182606353e-01
7.961776971863654406e-02 2.233215095169084896e-01 7.961776971863654406e-02 3.158891816097973315e+00
7.762822652543757695e-02 2.293163825913668297e-01 7.762822652543757695e-02 3.219249453345018885e+00
2.968116247713836753e-02 2.955842633609998549e-01 2.968116247713836753e-02 3.935475822635255749e+00
2.379098788878372395e-01 1.518785000589700784e-01 2.379098788878372395e-01 2.567498041243182705e+00
2.841385539743175315e-01 1.388779480423382728e-01 2.841385539743175315e-01 2.140022877439374582e+00
2.398237414980619320e-01 1.526903741195024256e-01 2.398237414980619320e-01 2.564813855813085741e+00
2.778460332422507673e-01 1.493998401652122665e-01 2.778460332422507673e-01 2.284085134905621928e+00
2.703166415426479507e-01 1.663812956109721464e-01 2.703166415426479507e-01 2.504276295356910875e+00
0.000000000000000000e+00 3.439929137955797800e-01 0.000000000000000000e+00 4.439929137955797245e+00
2.379098788878372395e-01 1.518785000589700784e-01 2.379098788878372395e-01 2.567498041243182705e+00
7.762822652543757695e-02 2.293163825913668297e-01 7.762822652543757695e-02 3.219249453345018885e+00
7.961776971863654406e-02 2.233215095169084896e-01 7.961776971863654406e-02 3.158891816097973315e+00
2.379098788878372395e-01 1.518785000589700784e-01 2.379098788878372395e-01 2.567498041243182705e+00
2.703166415426479507e-01 1.663812956109721464e-01 2.703166415426479507e-01 2.504276295356910875e+00
8.218163616393597826e-01 2.478659893757812795e-03 8.218163616393597826e-01 -4.336547143523511449e-01
2.968116247713836753e-02 3.001270816117702078e-01 2.968116247713836753e-02 3.980906533568806527e+00
2.968116247713836753e-02 3.001270816117702078e-01 2.968116247713836753e-02 3.980906533568806527e+00
2.968116247713836753e-02 3.001270816117702078e-01 2.968116247713836753e-02 3.980906533568806527e+00
7.762822652543757695e-02 2.325504444365398826e-01 7.762822652543757695e-02 3.251607867566617571e+00
0.000000000000000000e+00 3.456419628740361460e-01 0.000000000000000000e+00 4.456419628740361460e+00
2.703166415426479507e-01 2.374963985783333786e-01 2.703166415426479507e-01 3.221207414216496367e+00
1.345935841511222177e-02 3.488760247192091990e-01 1.345935841511222177e-02 4.484253322392649288e+00
# }gen6
