# gen7{
8.218163616393597826e-01 0.000000000000000000e+00 8.218163616393597826e-01 -4.747768372509614254e-01
8.017205645079337195e-01 0.000000000000000000e+00 8.017205645079337195e-01 -4.152307899900641308e-01
7.594572861734847358e-01 1.370533158240182930e-02 7.594572861734847358e-01 4.509921301949587624e-01
3.253569167432503462e-01 0.000000000000000000e+00 3.253569167432503462e-01 5.856236655385078649e-01
0.000000000000000000e+00 1.631626960521798397e-01 0.000000000000000000e+00 2.631626960521798342e+00
2.841385539743175315e-01 1.388779480423382728e-01 2.841385539743175315e-01 2.140022877439374582e+00
2.823892017140221533e-01 1.388779480423382728e-01 2.823892017140221533e-01 2.150084274908212745e+00
2.778460332422507673e-01 1.493998401652122665e-01 2.778460332422507673e-01 2.284085134905621928e+00
2.367679326355598690e-01 1.518785000589700784e-01 2.367679326355598690e-01 2.573825485417003289e+00
2.398237414980619320e-01 1.389850425371005893e-01 2.398237414980619320e-01 2.426455227550094573e+00
2.379098788878372395e-01 1.518785000589700784e-01 2.379098788878372395e-01 2.567498041243182705e+00
8.218163616393597826e-01 0.000000000000000000e+00 8.218163616393597826e-01 -4.747768372509614254e-01
2.379098788878372395e-01 1.518785000589700784e-01 2.379098788878372395e-01 2.567498041243182705e+00
2.778460332422507673e-01 1.493998401652122665e-01 2.778460332422507673e-01 2.284085134905621928e+00
2.379098788878372395e-01 1.518785000589700784e-01 2.379098788878372395e-01 2.567498041243182705e+00
2.379098788878372395e-01 1.518785000589700784e-01 2.379098788878372395e-01 2.567498041243182705e+00
8.218163616393597826e-01 2.478659893757812795e-03 8.218163616393597826e-01 -4.336547143523511449e-01
2.841385539743175315e-01 1.389285919585348805e-01 2.841385539743175315e-01 2.140536480400963004e+00
3.343983576951778391e-01 0.000000000000000000e+00 3.343983576951778391e-01 6.031576450182606353e-01
3.253569167432503462e-01 1.825192610057257969e-03 3.253569167432503462e-01 6.057730556572344938e-01
3.454527138746765202e-01 1.959328141163690310e-03 3.454527138746765202e-01 6.689489495152870502e-01
3.153655458017826096e-01 1.518140349860405414e-01 3.153655458017826096e-01 2.164096572656915018e+00
2.714585877949253767e-01 1.663812956109721464e-01 2.714585877949253767e-01 2.496744360260699125e+00
2.720659938029433289e-01 1.663812956109721464e-01 2.720659938029433289e-01 2.492761119118469537e+00
2.398237414980619320e-01 1.526903741195024256e-01 2.398237414980619320e-01 2.564813855813085741e+00
# }gen7
