# gen8{
3.253569167432503462e-01 0.000000000000000000e+00 3.253569167432503462e-01 5.856236655385078649e-01
0.000000000000000000e+00 1.631626960521798397e-01 0.000000000000000000e+00 2.631626960521798342e+00
7.594572861734847358e-01 1.370533158240182930e-02 7.594572861734847358e-01 4.509921301949587624e-01
1.138012574196582416e-01 1.631626960521798397e-01 1.138012574196582416e-01 2.595096780072432274e+00
7.674043111171103826e-01 0.000000000000000000e+00 7.674043111171103826e-01 8.602793005445530383e-02
7.748825363677716016e-01 0.000000000000000000e+00 7.748825363677716016e-01 -5.404445252253675669e-02
2.828152457865883984e-01 1.353508680876894521e-01 2.828152457865883984e-01 2.111833784822078730e+00
2.778460332422507673e-01 1.493998401652122665e-01 2.778460332422507673e-01 2.284085134905621928e+00
2.398237414980619320e-01 1.389850425371005893e-01 2.398237414980619320e-01 2.426455227550094573e+00
2.823892017140221533e-01 1.388779480423382728e-01 2.823892017140221533e-01 2.150084274908212745e+00
8.017205645079337195e-01 0.000000000000000000e+00 8.017205645079337195e-01 -4.152307899900641308e-01
8.138693366957341357e-01 0.000000000000000000e+00 8.138693366957341357e-01 -4.757711897582311833e-01
2.367679326355598690e-01 1.515663478441845180e-01 2.367679326355598690e-01 2.570676346775219834e+00
2.379098788878372395e-01 1.518785000589700784e-01 2.379098788878372395e-01 2.567498041243182705e+00
2.379098788878372395e-01 1.518785000589700784e-01 2.379098788878372395e-01 2.567498041243182705e+00
2.379098788878372395e-01 1.518785000589700784e-01 2.379098788878372395e-01 2.567498041243182705e+00
2.379098788878372395e-01 1.518785000589700784e-01 2.379098788878372395e-01 2.567498041243182705e+00
2.379098788878372395e-01 1.518785000589700784e-01 2.379098788878372395e-01 2.567498041243182705e+00
2.379098788878372395e-01 1.518785000589700784e-01 2.379098788878372395e-01 2.567498041243182705e+00
2.379098788878372395e-01 1.518785000589700784e-01 2.379098788878372395e-01 2.567498041243182705e+00
2.778460332422507673e-01 1.493998401652122665e-01 2.778460332422507673e-01 2.284085134905621928e+00
2.379098788878372395e-01 1.518785000589700784e-01 2.379098788878372395e-01 2.567498041243182705e+00
8.017205645079337195e-01 0.000000000000000000e+00 8.017205645079337195e-01 -4.152307899900641308e-01
8.017205645079337195e-01 2.674305990433866517e-03 8.017205645079337195e-01 -3.717461914923060329e-01
2.367679326355598690e-01 1.518785000589700784e-01 2.367679326355598690e-01 2.573825485417003289e+00
# }gen8
