# gen9{
3.253569167432503462e-01 0.000000000000000000e+00 3.253569167432503462e-01 5.856236655385078649e-01
0.000000000000000000e+00 1.197384573306005812e-01 0.000000000000000000e+00 2.197384573306005784e+00
7.594572861734847358e-01 1.368118872915561474e-02 7.594572861734847358e-01 4.506429743401123567e-01
7.674043111171103826e-01 0.000000000000000000e+00 7.674043111171103826e-01 8.602793005445530383e-02
2.778460332422507673e-01 1.028359051175845862e-01 2.778460332422507673e-01 1.811339917483988149e+00
8.138693366957341357e-01 0.000000000000000000e+00 8.138693366957341357e-01 -4.757711897582311833e-01
1.809306118093963467e-01 1.021548744317588853e-01 1.809306118093963467e-01 2.183825264993746185e+00
7.748825363677716016e-01 0.000000000000000000e+00 7.748825363677716016e-01 -5.404445252253675669e-02
8.017205645079337195e-01 0.000000000000000000e+00 8.017205645079337195e-01 -4.152307899900641308e-01
7.976560530298612006e-01 0.000000000000000000e+00 7.976560530298612006e-01 -3.790380460889062331e-01
7.946355748439603017e-01 0.000000000000000000e+00 7.946355748439603017e-01 -3.473186776883658844e-01
7.748825363677716016e-01 0.000000000000000000e+00 7.748825363677716016e-01 -5.404445252253675669e-02
8.017205645079337195e-01 0.000000000000000000e+00 8.017205645079337195e-01 -4.152307899900641308e-01
8.017205645079337195e-01 0.000000000000000000e+00 8.017205645079337195e-01 -4.152307899900641308e-01
3.255673268201523807e-01 0.000000000000000000e+00 3.255673268201523807e-01 5.858381741086999828e-01
7.594572861734847358e-01 1.370533158240182930e-02 7.594572861734847358e-01 4.509921301949587624e-01
7.417397351155246010e-01 0.000000000000000000e+00 7.417397351155246010e-01 6.027173247189061556e-01
3.155320029662692094e-01 1.388779480423382728e-01 3.155320029662692094e-01 2.032484619243819512e+00
2.828152457865883984e-01 1.353508680876894521e-01 2.828152457865883984e-01 2.111833784822078730e+00
2.823892017140221533e-01 1.388779480423382728e-01 2.823892017140221533e-01 2.150084274908212745e+00
2.823892017140221533e-01 1.388779480423382728e-01 2.823892017140221533e-01 2.150084274908212745e+00
8.017205645079337195e-01 2.674305990433866517e-03 8.017205645079337195e-01 -3.717461914923060329e-01
7.748825363677716016e-01 4.342423872157925857e-02 7.748825363677716016e-01 5.619927137491723679e-01
1.000000000000000000e+00 2.414285324621498176e-05 1.000000000000000000e+00 5.040275096021979958e-04
0.000000000000000000e+00 1.631626960521798397e-01 0.000000000000000000e+00 2.631626960521798342e+00
# }gen9
