"[3.86412719e+01 1.01491881e+01 4.97132995e+01 7.87935946e+01
 9.51179826e+01 2.38390005e+01 2.56450861e+01 2.05717393e+00
 1.56835451e+01 9.21294497e+01 8.46452915e+01 7.54176680e+01
 3.34088806e+01 8.81306767e+01 2.09834013e+01 1.51829834e+01
 9.13302742e+01 3.91917036e+00 1.14774158e+00 8.11389263e+01
 9.52131595e+00 7.49394579e+01 2.51263232e+01 3.11098737e+01
 7.44496832e+01 5.18059855e+01 1.18645138e+00 9.99406376e+01
 6.31683712e+01 2.69479503e+01 1.50916688e+01 3.06595030e+01
 8.15575532e+01 4.04938184e+01 7.17735195e+01 6.45094903e+00
 4.29768821e+01 7.91530027e+01 4.88534108e+01 6.02494220e+01
 2.72064112e+01 5.28208823e+01 6.25023931e+01 4.74775715e+01
 4.80086459e+01 6.89494133e+00 4.76204566e+01 9.54663015e+01
 5.31649675e+01 7.60208248e+01 1.39177037e+01 4.03653073e+00
 5.03308787e+01 9.51166721e+01 9.19542527e+00 6.07883663e+01
 3.25210489e+01 8.72007535e+01 2.30928315e-02 8.04406600e+01
 4.99099726e+01 3.19569986e+01 5.92580494e+01 8.86109242e+01
 1.61780438e+01 4.67277793e+01 8.29271021e+01 8.14198398e+01
 2.54329846e+01 1.09246190e+01 4.15376612e+01 4.05685685e+01
 4.46345723e+00 4.92305019e+01 4.90793014e+01 7.22288422e+01
 6.04244090e+01 2.30099562e+01 3.98436344e+01 5.01094014e+01
 9.85564045e+01 2.92337497e+00 6.99627847e+01 1.00271480e+01
 1.79343603e+00 4.33469745e+01 5.45630242e+01 4.66415809e+00
 8.06497428e+00 8.34574490e+01 6.15571467e+01 3.56919173e+01
 8.60125055e+01 4.90941114e+01 1.56394409e+01 7.66562748e+01
 1.98690948e+01 9.27702973e+01 6.13349835e+01 3.36047001e+01
 4.36990164e+01 8.08139621e+01 9.90279419e+01 3.63758257e+01
 9.93241584e+01 6.11986040e+01 4.30790175e+01 3.39826880e+01
 6.86202336e+01 6.61005500e+01 6.90798884e+01 7.68008723e+01
 4.52837529e+01 3.61989127e+01 6.52131849e+01 3.77463849e+01
 7.02919422e+01 2.78847292e+01 1.24492523e+01 5.19868099e+01
 9.13674919e+01 2.64650998e+01 1.79156527e+00 1.71649842e+01
 6.20278948e+01 7.84939494e+01 7.85882661e+01 7.83380132e+01
 5.90102419e+01 3.96831811e+01 7.75448841e+01 8.76494149e+01
 1.39778203e+01 5.84317055e+01 3.06423448e+01 4.83750986e+01
 5.93320046e+01 4.06863648e+01 5.54377408e+01 1.86388171e+01
 4.49762311e+01 8.51083605e+01 9.15912393e+01 7.46540436e+01
 7.90280297e+01 2.21077556e+01 5.04364198e+01 7.65995628e+00
 6.99147436e+01 6.18120001e+01 3.85931103e+01 5.63837284e+01
 3.94107387e+01 9.58443165e+01 6.00896826e+01 4.45412346e+01
 3.89470047e+01 5.86745680e+01 8.52378197e+01 7.40822448e+00
 9.46538265e+01 7.87558110e+01 4.22967944e+01 1.71445862e+01
 2.58296382e+01 4.72405988e+01 1.81814561e+01 2.14105732e+01
 4.28868109e+01 2.56001775e+01 4.24974033e+01 3.50546505e+01
 3.36540812e+01 9.81773514e+01 5.66269621e+01 9.66299918e+01
 7.83875935e+01 6.29906127e+00 3.44887721e+00 5.20370468e+01
 3.01776406e+01 7.49421067e+00 2.33365570e+01 1.58913665e+01
 5.62230403e+00 2.31745228e+01 7.38432446e+01 1.64024566e+01
 5.55103719e+01 3.91407742e+01 4.55331324e+01 2.69259882e+01
 2.80662908e+01 6.35942328e+01 8.73109289e+01 1.22230462e+01
 6.66931540e+01 2.16877420e+01 9.14362448e+01 6.59642411e+01
 4.20862630e+01 5.23380280e+01 1.57946949e+01 7.72754508e+00
 8.31574051e+01 8.32595081e+01 4.10376943e+01 5.58462055e+01
 1.32314130e+01 1.06271964e+01 5.50638749e+01 9.59980784e+01
 8.13189991e+01 2.05098003e+01 3.95804009e+01 4.01687423e+01
 3.00356261e+01 3.54880632e+01 4.83940156e+01 3.78975510e+01
 9.54305331e+01 3.31469841e+01 9.13982271e+01 2.69483785e+01
 9.69625556e+00 7.63758874e+01 7.63933867e+01 9.41989022e+01
 6.40658060e+01 3.17666715e+01 1.95011417e+01 9.81247480e+01
 5.98638548e-01 6.84228672e+01 2.35941313e+01 6.67547121e+01
 3.56851245e+01 9.85183593e+01 5.37778240e+01 2.56238123e+01
 7.67600679e+01 6.55363607e+01 7.96451134e+01 6.23234478e+01
 3.44738367e+01 9.22466317e+01 7.34653439e+01 8.36547643e+01
 2.92083833e+01 6.01500066e+01 1.96342931e+01 8.23662305e+01
 6.43564959e+01 6.67890694e+01 2.50323414e+01 7.93034476e+01
 4.74774619e+00 7.65101983e+01 5.18394441e+01 6.18316900e+01
 2.06155873e+01 4.31421562e+01 3.40929938e+01 2.58887076e+00
 5.16705899e+01]","[71.15911138 24.57698033 43.67926537 39.35190951 36.00330751 45.63408563
 35.01438851 15.58326369  1.97704346 71.54124462 62.2376912  91.31484799
 76.28548882  6.65387954 46.81762254  4.73180616 55.91878738 31.7791848
  8.54521611 98.64608348 62.10454375 22.32001486 60.50179201 70.15073031
 48.25652011 99.70604961 60.93574564 36.56917045 47.85646488 87.16791343
 86.28972573 94.98566485 51.7846633  27.68076637 18.91741263 83.25369201
 75.71667456  7.52022905 17.88486963 92.34586615 11.26124723 93.49249467
 39.0257119  55.30392993  3.01154767 32.21568814 50.64275161 38.46633797
 34.7716547  22.96610266 22.08884794  5.78731803 81.16159723  7.14911432
 94.27537744 44.34781039 33.99850297 19.60344023 93.04578876 92.44576393
 35.49287814 57.19717298 63.49318987 68.10792643 29.2862661  55.71925597
 81.46088195 59.24631906  6.02724985 96.20428788 27.3499667  57.45260595
 69.06190182 34.88939911 25.5795696  53.83105844 90.9182504   1.2157941
 77.98251407 29.45564814  1.67087591 23.21496932 38.28750088 90.18155097
 23.1217834  67.84866654 82.80360393 89.60545555 93.84129319 28.38670595
 35.49899968  9.51130532 57.26105543 52.71818053 84.8711345  33.19729909
 28.64426117 60.04374873 59.38556231 83.43809677 73.92193964 31.028922
 69.04188433 36.10727652 59.82283267 26.86634313 87.33359185 93.47449586
 14.90240833 62.06706624 68.66482334 37.81078992 98.81176938 17.96836229
 24.38098315 26.35997449 24.58896473 87.89007663 46.63993706 24.15385415
 53.69726148 53.52619573 78.33990297 57.49183882 97.99909547 31.28042642
 94.53847335 67.19323387 16.58292305 28.2638742  90.85138718 31.14225422
 21.34352584 17.34305643 79.59896487 21.96785046 43.63280885 36.59958643
 83.26132645 23.22678545 21.03273817  9.51861699 53.57599898 63.49943004
 95.23916499 69.58946245 85.75827289 33.74284442 33.39660185 11.55939894
 76.04683205 79.04392588 85.33927585 44.8239571  11.47417226 88.12541896
 32.86334889 71.71613654 42.53648421 64.58246379 40.42528233 45.9449622
 19.01869307 50.96642113 40.60123886 26.73672681  8.90072467 23.8574739
 20.26867887 56.45693727 19.18848995 51.73931338 29.07669165 82.68076118
 11.90585816 89.10307069 28.62349258 69.17496208 33.95345271  7.95859033
 31.85387881 95.71379632 79.9260072  87.33894307 88.12914481 34.55573746
 39.40701605 40.07273186 54.96862919 65.33517461 88.78801958 28.15192338
 49.8622271  71.64666588 26.29351484 83.44578076 52.2875943  14.82743454
 35.88525303 80.65209024 69.72751765 58.80966076 32.92904689 37.24278114
 41.97011963 25.66107128 57.29959349 52.33923002 59.08669691 91.54808198
 24.2999576  45.26664058 42.40291857 64.37350052 72.05991539 88.15507123
 93.0330186  33.8110967  49.89148134  3.19045271 60.12105687  7.0828661
 42.10367534  9.44635126 61.63841017 91.69654699 84.82035489 45.86931232
 61.45917985 94.51352466 29.78412633 28.44125946 44.21398468 11.94149031
 39.62359163 16.33364436 91.63035852 17.93552074 26.11018723 78.64151724
 80.46031726 95.2615441  21.45099846  2.86810134  4.97586908 14.82131006
  0.22123441 71.58961371 60.4704009  96.76365457 98.02501514 37.56428723
 75.92812128 63.29768515 36.26315098 55.27755809  7.24272692 24.42881186
 20.38375412 46.27823338 59.05684718 99.64179381 33.30508722 53.48690495
 69.02276172]","[77.74626303 36.8546454  72.30096523 72.0605122  75.50058227 88.72552947
 80.03077575 47.47056165 19.80934974 88.12198738 32.18796783 78.11446134
 70.14847882 76.42648379 58.60441554  0.79356429 50.0998455  85.93471718
 60.51878572 61.81848861 61.1102878  23.8732716   3.477899    3.51830398
 17.74583233 79.77965237 96.08302214 54.13477612 84.58996535 99.87491459
  3.06543324 13.37141085 65.92012918 44.03088186 94.01752986 53.69132814
 86.98785524 41.16120454 59.11051487 63.48661038 89.15623152 73.62671119
 49.67490549 25.71218069 75.34193691 62.65057692 18.8154262  62.65609173
  2.51397933 28.50558175 86.74427828 77.31216038 62.95997055 67.43003201
 23.48420336 87.72539634 28.79565694 88.83765406 58.94944528 88.39438256
 67.42551725 43.51506599 95.45429807 68.93547777 66.24749617 47.53713972
 90.69012429 25.98148402 89.76581342 67.02453813 35.76179052 43.14868499
  0.56189657 84.9705945  73.9452096  90.69548259 22.11870854 21.88791505
 80.40039538 36.80879932 87.95238516  9.17642054 28.28875845 27.38269115
 68.34130855 43.32715412 54.66494036 96.74355748 52.49805688 85.56697066
 55.91568181 12.09257354 71.50935474 34.89297522 14.95615826 41.03637503
 75.45843647 39.54498943 34.71012634 99.00258879 75.98779179  5.45296332
 40.62453018 25.50097361 60.95160217 19.85192086 44.34769543 13.00789485
 49.66546897 62.84681228 93.39261536 32.75203184 47.03286448 47.57698452
  1.41024134  5.08059554 72.25915513 35.16080448 25.9306015   2.85291468
 23.01871861 95.06090485  0.40590042  6.51232465 35.49159135 43.15337823
 23.20261822 42.95657223 60.65257951  7.97597378 12.34486357 60.3101145
 68.05301148 61.26529581 96.59915758  2.535959   93.74943648 47.90621186
 65.42838792 31.60582621 41.38750597 32.72601675 41.83469759 57.35578794
 55.85023015  2.01690977 24.70870332 78.77486548 55.61922978 11.20836561
 81.32708015 85.1058552  57.89186232 33.61896972 40.54857557 43.60903802
 80.80662156 31.55775306 99.42587246 11.34150664 89.04296585 75.85835272
 82.83773528 73.70780574 43.54665516 73.18228414  0.33338054 65.3754819
 66.54748504 48.22233932 77.07687907 77.34762733 87.44148838 39.38790096
 20.9281923  13.97450984 17.71698088 60.07996591 52.78738516 97.16900227
 95.93032807 98.17391682 15.88832309 33.42781145 55.63590414 73.79030291
 62.00275141 30.13987748 87.3404898  52.45755317 91.00900361 45.15584871
 95.11765208 53.69152231  1.48961588 88.2323362   2.58891626 55.29995278
 92.42070486 56.37558751 82.8527133  81.80416944 30.7075578  77.09091038
 75.77689856  0.78884414 25.55127989 29.91406743 39.36550201 94.96906825
 31.10823159 21.40656619 93.30806948 22.9858121  41.48353602 13.54079799
 76.59138921 18.09386311  2.9339977  27.62129734 72.35120071 38.65300309
 90.59087245 53.93642741 35.92567438 44.10692046  3.30056731 14.06370721
 24.46757054 19.18555879 25.58243842 60.19560923 20.53996554 85.24566005
 33.13393136 25.41302452 38.77327844 51.09364714 58.58052379 47.33443254
  6.23873785 92.1338463  41.54620432 80.46161901 31.41655373 28.56734751
 49.06997779  1.90840952 14.06282237 54.40092176  7.24650384 44.31072728
 50.5350327  86.02467055 60.12220968 42.81780564 54.1244451  52.00141845
 75.38752518 17.12355438 36.10498938 72.40220868 26.73664175 72.04312774
 92.19034981]","[5.06450056e+00 3.39619985e+01 9.37929533e+00 4.82871001e+01
 8.84245430e+01 5.66534333e+01 5.46454598e+01 3.42951689e+01
 5.11635354e+00 4.04916951e+00 5.47657311e+01 4.42484495e-02
 9.03808560e+01 8.22844512e+01 2.05130273e+00 5.08358344e+01
 2.97291438e+01 6.38624315e+01 4.36360719e+01 1.48244856e+01
 1.39804782e+01 6.84109818e+01 4.42568143e+00 7.65720379e+01
 8.59985808e+01 1.52729138e+00 8.99406769e+01 5.80453640e+01
 3.52377743e+01 1.35454447e+01 9.12567784e+01 9.38417020e+01
 6.79143479e+01 8.22015498e+01 1.70619445e+01 6.29763715e+01
 5.66317720e+01 8.76981221e+00 9.48244203e+01 2.00717135e+01
 2.10948444e+01 4.59624245e+01 4.00343384e+01 7.54660114e+01
 5.95270396e+01 1.14526378e+00 2.11504534e+01 3.66000361e+01
 2.16652912e+01 8.32267542e+01 8.94093790e+01 8.19323307e+01
 3.13156444e+01 8.32333002e+01 6.45869429e+01 1.31523705e+01
 6.39945771e+01 6.65691008e+01 7.76941782e+01 8.82889388e+01
 2.06429765e+01 9.64651212e+01 4.87193652e+01 3.07154033e+01
 4.81141857e+01 9.54311705e+00 8.68578551e+01 4.40890691e+01
 9.77963567e+01 4.35499447e+01 3.21276974e+01 4.64653310e+00
 5.97363679e+01 9.88062816e+01 6.17598381e+01 7.86379234e+01
 1.48302415e+01 4.44948833e+01 2.86128915e+01 3.73761841e+01
 4.59833237e+01 8.05336685e+01 8.56533532e+01 1.41306549e+00
 7.12865098e+01 2.02818298e+01 6.71321959e+01 9.33282972e+01
 6.94892752e+01 6.13525767e+01 4.81477712e+01 8.25343377e+01
 6.05954662e+00 6.40033579e+01 4.84402047e+01 4.22773484e+01
 3.24113430e+01 5.63676105e+01 1.12213940e+01 3.06391762e+01
 9.81686900e+01 8.30042981e+00 9.17325965e+01 3.15477579e+01
 5.60802806e+01 6.24837272e+01 6.74983688e-01 5.93911430e+01
 3.40909640e+01 8.21185941e+01 2.56716238e-01 4.54955828e+01
 7.00426382e+01 1.16297515e+01 6.75334348e+01 1.50267208e+01
 4.70861274e+01 3.51213819e+01 6.89861846e+01 2.85618917e+01
 3.25791549e+01 3.10197549e+01 8.35611866e+01 9.39082620e+01
 9.27866493e+01 5.33024548e+01 5.97082513e+01 8.49583224e+01
 4.44391367e+00 8.69588527e+01 5.03294714e+01 3.55708013e+01
 1.81728203e+01 6.45476751e+01 3.70660088e+01 9.80776252e+01
 9.26384240e+01 2.31082324e+01 8.52586069e+01 8.80559778e+01
 9.17892399e+01 3.27114283e+01 1.66778252e+01 6.91344746e+01
 8.37947368e+01 8.72533114e+01 4.54797775e+00 5.68489358e+01
 5.72748953e+01 1.30612943e+00 5.60757450e+01 3.48122550e+01
 3.24493683e+01 6.51210748e+01 8.62957404e+01 2.61762820e+01
 2.51377452e+01 3.97752913e+01 2.21728273e+01 6.39894761e+01
 9.58942724e+01 9.62488713e+01 9.38331431e+01 8.31429628e+01
 2.18476754e+00 5.11034192e+01 6.61392686e+01 7.83023658e+01
 2.75421331e+01 7.39939410e+01 4.52464568e+01 1.30163902e+01
 8.06922947e+01 3.32232256e+01 5.81158688e+01 4.28197082e+01
 7.46022134e+01 3.63462816e+01 6.00890844e+01 4.92715329e+01
 4.24594417e+01 3.74899004e+01 3.53075843e+01 7.95089095e+00
 4.84567482e+01 5.98834576e+01 8.63761481e+01 1.65501618e+01
 9.07043455e+01 2.08124877e+01 7.19779760e+01 9.76522980e+01
 4.09900344e+01 5.98757189e+01 5.41060246e+01 5.96545698e+01
 1.94661191e+01 2.67425554e+01 4.27539165e+01 7.58159097e+01
 8.46006932e+01 9.12748306e+01 8.93527087e+00 9.62205426e+01
 4.25383945e+01 7.81788374e+01 5.34660902e+01 5.54188474e+00
 6.19535372e+01 7.36058750e+01 9.47256545e+01 3.28428438e+01
 9.61130925e+00 3.42350465e+00 6.55249923e+01 7.57075129e+01
 6.17772157e+01 6.73759967e+01 5.07650500e-01 5.80907223e+01
 6.48617492e+01 4.57040848e+01 6.06207326e+01 8.92818382e+00
 4.48533663e+00 9.35977444e+01 6.65181518e+01 4.74445026e+01
 9.25128394e+01 1.40887771e+01 4.38873073e+01 6.28769006e+01
 4.86855863e+01 9.82778003e+01 5.12290828e+01 4.05594458e+00
 8.80714763e+01 4.52516271e-01 4.68112282e+00 3.07824334e+01
 2.63791682e+01 7.79779543e+01 7.84539603e+01 9.60722051e+01
 1.27261744e+01 1.97258479e+01 9.33437570e+01 2.49282679e+00
 7.27350739e+01 2.47828921e+00 2.52041089e+01 7.93100132e+01
 5.93464324e+01 6.91525501e+01 4.85094563e+01 8.90891550e+01
 4.09409781e+01 2.23594854e+01 9.63441941e+01 3.35372163e+01
 9.17688711e+01 4.41916009e+00 4.32762396e+01 6.78625647e+01
 4.28747956e+01]","[8.06470552e+01 8.71973778e+00 5.53840720e+01 9.20412364e+01
 8.34541552e+01 1.17930646e+01 8.31295966e+01 7.37635060e+01
 8.94632971e+01 9.46606703e+01 1.24868232e+01 6.49119420e+01
 4.29563590e+01 6.10829554e+01 1.75994403e+01 9.33346016e+01
 1.31854775e+01 5.45567021e+01 9.91673387e+01 9.24429226e+01
 2.82866738e+01 2.95216470e+01 2.85739936e+01 7.33758656e+01
 2.13601745e+01 1.59495874e+01 2.45976894e+01 6.87592264e+01
 6.21827413e+01 1.11090674e+01 5.43349242e+01 3.30007088e+01
 3.62840799e+01 3.79598704e+01 3.04503174e+01 3.47456954e+01
 1.02409052e+01 3.33358349e+00 9.38881715e+01 4.34421545e+01
 1.14065984e+01 8.85145939e+01 2.98852881e+01 2.69625797e+01
 6.20340340e+01 3.32440488e+01 4.28819012e+01 1.74049130e+01
 7.46877129e+01 7.33801345e+01 2.59917396e+01 9.63223757e+01
 6.51789997e+01 5.87230340e+01 9.11648683e+01 6.49903841e+01
 5.36473037e+01 3.52045531e+01 2.54817951e+01 9.05707334e+01
 2.32256636e+01 1.79826716e+01 2.81609279e+01 4.70007624e+01
 4.75176933e+01 3.55847559e+01 6.21350228e+01 7.15541671e+01
 1.07573725e+01 2.48481079e+01 2.66877082e+01 5.98553208e+01
 8.29549300e+01 9.93903553e+01 1.46352987e+01 7.95997663e+01
 3.94441775e+01 6.79243420e+01 8.55955667e+01 9.85953204e+00
 6.63036054e+01 3.06965492e+01 8.39160812e+01 1.04089619e+01
 6.79191601e+01 7.24340859e+01 2.15184761e+01 2.91639164e+01
 2.41632660e+01 5.31601493e+01 3.68983031e+01 4.07420856e+01
 7.03599420e+01 2.96225155e+01 6.48194043e+01 2.33559043e+01
 8.55063299e-02 7.87089083e+01 7.18963954e+01 2.02816606e+00
 4.91168469e+01 9.59745948e+01 9.18875107e+01 9.33353307e+01
 1.07896845e+01 7.43797507e+01 6.14579846e+01 6.15086935e+01
 8.78131263e+01 5.68179401e+00 2.47131287e+01 7.85481014e+00
 7.93697621e+01 1.87705653e+01 2.74092742e+01 3.50039574e+01
 3.59740613e+01 3.00520484e+01 8.84558878e+01 3.90971233e+01
 2.30332172e+01 2.58624004e+00 3.56281216e+01 8.73129577e+00
 1.25820455e+01 6.47092775e+01 6.91753096e+01 1.34539862e+01
 1.43569872e+01 9.43211239e+00 6.87800215e+01 7.75474802e+01
 5.63065602e+00 2.55710436e+01 5.70273993e+01 9.15610298e+01
 6.68512970e+01 9.32154487e+01 3.13884617e+01 7.50586691e+01
 9.80574264e+01 8.57804023e+01 2.58854125e+01 1.07686776e+01
 4.52701822e+01 5.42831132e+01 1.23257704e+01 8.54777369e+01
 3.26682006e+01 5.93121818e+01 2.84701973e+00 4.70395465e+01
 4.06643123e+01 8.17789131e+01 7.01869725e+00 2.70061835e+00
 9.73144561e+00 9.14020588e+01 6.48806006e+01 8.18884823e+01
 8.66609461e+01 2.85156529e+01 5.97834252e+01 2.39220272e+01
 9.77034746e+00 8.69675021e+01 5.27556734e+00 1.55553964e+01
 7.50760118e+01 3.61119793e+01 5.16407969e+01 8.77720148e+01
 2.14641395e+01 4.27898026e+01 6.06916856e+01 1.73316012e+00
 8.35421319e+01 1.05625521e+01 3.12153091e+00 8.45812959e+01
 1.54501115e+01 8.10794142e+01 4.71119990e+01 7.90828319e+01
 8.59849653e+01 3.51405692e+01 2.00574860e+01 8.13992622e+00
 3.79300380e+01 2.77455189e+01 4.66181932e+01 6.68804746e+01
 2.62457302e+01 7.30725064e+01 9.38128542e+01 6.58067253e+01
 6.42801330e+01 1.06937542e+01 7.15778749e+01 2.25505155e+01
 9.86013239e+01 2.25840718e+01 1.22906494e+01 7.35065414e+01
 4.06205981e+01 5.08103641e+01 5.86910790e+01 6.83199277e+00
 7.25932385e+01 1.71246467e+01 2.65782004e+01 2.07955308e+01
 6.26128966e+01 9.85848905e+01 9.29470072e+01 9.36604679e+00
 3.24538149e+01 9.97637446e+01 5.56070411e+01 7.55955490e+01
 1.43800434e+01 7.67079472e+01 6.98039808e+01 4.83925997e+01
 4.24382356e+01 8.42623200e+01 6.54811636e+01 2.75667892e+01
 3.86267659e+01 4.85150543e+01 5.64892394e+01 8.13714429e+01
 1.68537780e+01 7.90181912e+01 9.72831052e+01 2.54594043e+00
 1.63572663e+01 6.65446141e+01 8.41401058e+01 5.48164158e+01
 8.08445402e+01 4.96401910e+01 4.93727895e+01 4.42553065e+01
 1.00428654e+01 6.73249413e+01 8.76904839e+01 9.95416796e+01
 4.64735183e+01 5.99288828e+01 8.67555628e+01 2.07626926e+01
 5.47458899e+00 1.81008452e+01 3.84959886e+01 1.16460791e+01
 4.14044671e+01 9.69321367e+01 6.79065294e+01 6.39198003e+01
 6.21094187e+01 8.25193736e+01 7.13318102e+01 3.04240339e+01
 6.56913244e+01]"
